E;1434241852235
E;1434241852246
E;1434241852267
E;1434241852300
E;1434241852331
E;1434241852368
E;1434241852400
E;1434241852431
E;1434241852466
E;1434241852499
E;1434241852532
E;1434241852566
E;1434241852598
E;1434241852631
E;1434241852667
E;1434241852699
E;1434241852734
E;1434241852774
E;1434241852804
E;1434241852842
E;1434241852882
E;1434241852908
E;1434241852941
E;1434241852974
E;1434241853007
E;1434241853043
E;1434241853074
E;1434241853106
E;1434241853142
E;1434241853173
E;1434241853206
E;1434241853235
E;1434241853267
E;1434241853303
E;1434241853339
E;1434241853372
E;1434241853407
E;1434241853441
E;1434241853473
E;1434241853507
E;1434241853543
E;1434241853575
E;1434241853607
E;1434241853643
E;1434241853676
E;1434241853706
E;1434241853744
E;1434241853776
E;1434241853807
E;1434241853844
E;1434241853875
E;1434241853906
E;1434241853944
E;1434241853974
E;1434241854011
E;1434241854043
E;1434241854075
E;1434241854112
E;1434241854142
E;1434241854182
E;1434241854210
E;1434241854236
10;0.058278;-0.155639;1.271215;11;0.203875;-0.233077;1.045912;E;1434241854274
10;0.050462;-0.156370;1.287642;11;0.189147;-0.239567;1.052397;E;1434241854310
10;0.008599;-0.205395;1.362149;11;0.161926;-0.253011;1.063611;E;1434241854343
10;-0.052512;-0.258157;1.443885;11;0.141696;-0.264299;1.073901;E;1434241854374
10;-0.109092;-0.320366;1.483237;11;0.109085;-0.259403;1.097880;E;1434241854410
10;-0.125854;-0.316893;1.487035;11;0.099815;-0.249330;1.111902;E;1434241854442
10;-0.143326;-0.310445;1.492483;11;0.093450;-0.247639;1.117610;E;1434241854473
10;-0.169915;-0.305127;1.500404;11;0.089096;-0.242137;1.124700;E;1434241854509
10;-0.204042;-0.324749;1.482586;11;0.081251;-0.237425;1.129148;E;1434241854541
10;-0.228039;-0.326752;1.468239;11;0.038366;-0.217452;1.123524;E;1434241854573
10;-0.248307;-0.300830;1.454147;11;0.015116;-0.174347;1.115162;E;1434241854610
10;-0.279601;-0.325758;1.439311;11;-0.001718;-0.158288;1.109147;E;1434241854641
10;-0.293454;-0.336401;1.434326;11;-0.019836;-0.149335;1.103982;E;1434241854673
10;-0.301135;-0.343256;1.432501;11;-0.033321;-0.146271;1.099646;E;1434241854709
10;-0.282778;-0.324540;1.450419;11;-0.067766;-0.154774;1.089598;E;1434241854742
10;-0.265537;-0.285165;1.456554;11;-0.088759;-0.162151;1.084355;E;1434241854774
10;-0.259550;-0.270940;1.453684;11;-0.107561;-0.170107;1.080750;E;1434241854810
10;-0.275226;-0.334202;1.447725;11;-0.121029;-0.177272;1.078457;E;1434241854844
10;-0.055138;-0.364889;1.232335;11;-0.129785;-0.183969;1.077073;E;1434241854877
10;0.005461;-0.380172;1.166030;11;-0.136451;-0.189449;1.076263;E;1434241854919
10;0.042691;-0.386379;1.122102;11;-0.141771;-0.193754;1.075918;E;1434241854942
10;0.029621;-0.382881;1.113547;11;-0.146250;-0.197664;1.075884;E;1434241854972
10;0.011773;-0.381331;1.101836;11;-0.152948;-0.201622;1.075432;E;1434241855010
10;-0.020385;-0.376612;1.098488;11;-0.166558;-0.205270;1.072781;E;1434241855042
10;-0.058342;-0.370659;1.102881;11;-0.193949;-0.206187;1.063518;E;1434241855073
10;-0.086452;-0.366733;1.104387;11;-0.216830;-0.207997;1.054341;E;1434241855111
10;-0.109928;-0.362406;1.103462;11;-0.246127;-0.207805;1.040633;E;1434241855141
10;-0.275896;-0.263126;1.103426;11;-0.268086;-0.207451;1.029528;E;1434241855182
10;-0.192155;-0.141229;1.357221;11;-0.286066;-0.206587;1.019361;E;1434241855211
10;-0.214624;-0.076641;1.424824;11;-0.301917;-0.205361;1.009686;E;1434241855240
10;-0.202307;-0.070383;1.457209;11;-0.319698;-0.203300;0.998846;E;1434241855292
10;-0.206891;-0.049189;1.474068;11;-0.335478;-0.200385;0.989297;E;1434241855310
10;-0.296124;-0.092015;1.255750;11;-0.347379;-0.199331;0.982623;E;1434241855341
10;-0.316143;-0.084183;1.242828;11;-0.367680;-0.197934;0.971501;E;1434241855377
10;-0.345252;-0.098008;1.183897;11;-0.382304;-0.198107;0.963788;E;1434241855409
10;-0.372437;-0.129539;1.120153;11;-0.393025;-0.198665;0.958091;E;1434241855444
10;-0.383773;-0.140526;1.094793;11;-0.402221;-0.199894;0.953127;E;1434241855478
10;-0.390926;-0.152140;1.081407;11;-0.410068;-0.201754;0.948745;E;1434241855508
10;-0.394408;-0.161621;1.077422;11;-0.417903;-0.203517;0.943817;E;1434241855540
10;-0.396054;-0.168719;1.079029;11;-0.424432;-0.205327;0.939251;E;1434241855592
10;-0.396747;-0.173405;1.082718;11;-0.429531;-0.206685;0.935179;E;1434241855610
10;-0.397368;-0.164189;1.097641;11;-0.433814;-0.207588;0.930914;E;1434241855641
10;-0.399454;-0.150152;1.060974;11;-0.436626;-0.208082;0.927811;E;1434241855676
10;-0.400708;-0.144452;1.038636;11;-0.438650;-0.208466;0.925007;E;1434241855709
10;-0.401313;-0.143524;1.028795;11;-0.439960;-0.208723;0.922328;E;1434241855741
10;-0.398024;-0.166959;0.934431;11;-0.438929;-0.206848;0.917778;E;1434241855777
10;-0.405296;-0.163474;0.900383;11;-0.434154;-0.200776;0.912946;E;1434241855808
10;-0.408193;-0.162722;0.884327;11;-0.428202;-0.193837;0.909456;E;1434241855842
10;-0.409144;-0.164137;0.874536;11;-0.423365;-0.189763;0.906145;E;1434241855876
10;-0.409748;-0.163003;0.875206;11;-0.419736;-0.187080;0.904174;E;1434241855909
10;-0.410801;-0.160877;0.881922;11;-0.416546;-0.184731;0.903808;E;1434241855941
10;-0.412627;-0.161954;0.887072;11;-0.434987;-0.216811;0.887479;E;1434241855976
10;-0.413760;-0.162570;0.889711;11;-0.445161;-0.233912;0.878237;E;1434241856009
10;-0.415768;-0.162972;0.893454;11;-0.452388;-0.242963;0.873173;E;1434241856041
10;-0.418541;-0.163490;0.898232;11;-0.460289;-0.252246;0.866528;E;1434241856075
10;-0.424193;-0.161373;0.911377;11;-0.458587;-0.214911;0.894332;E;1434241856108
10;-0.432792;-0.157093;0.924638;11;-0.460529;-0.200012;0.904650;E;1434241856139
10;-0.449068;-0.135503;0.945624;11;-0.467953;-0.192164;0.909172;E;1434241856189
10;-0.461425;-0.115241;0.961525;11;-0.483120;-0.186985;0.909497;E;1434241856211
10;-0.357579;-0.083440;0.994623;11;-0.565321;-0.100610;1.024847;E;1434241856242
10;-0.417447;-0.154899;0.902419;11;-0.584747;-0.208072;1.177843;E;1434241856276
10;-0.466726;-0.202240;0.870280;11;-0.605174;-0.252130;1.258986;E;1434241856309
10;-0.535531;0.258684;1.071486;11;-0.614170;-0.271875;1.288253;E;1434241856341
10;-0.563715;0.316328;1.092441;11;-0.642910;-0.197321;1.273673;E;1434241856377
10;-0.574481;0.375351;1.137641;11;-0.657431;-0.133104;1.298617;E;1434241856409
10;-0.592362;0.243563;1.097600;11;-0.347447;0.044272;0.632112;E;1434241856454
E;1434241856476
E;1434241856508
E;1434241856545
E;1434241856574
E;1434241856608
E;1434241856640
E;1434241856676
E;1434241856705
E;1434241856751
E;1434241856785
E;1434241856815
E;1434241856849
E;1434241856883
E;1434241856914
E;1434241856952
E;1434241856985
E;1434241857013
E;1434241857052
E;1434241857082
E;1434241857121
E;1434241857144
E;1434241857175
E;1434241857206
E;1434241857243
E;1434241857275
E;1434241857308
E;1434241857349
E;1434241857377
E;1434241857409
E;1434241857446
E;1434241857475
E;1434241857509
E;1434241857546
E;1434241857577
E;1434241857618
E;1434241857644
E;1434241857676
E;1434241857718
E;1434241857751
E;1434241857783
E;1434241857818
E;1434241857852
E;1434241857886
E;1434241857921
E;1434241857951
E;1434241857984
E;1434241858019
E;1434241858051
E;1434241858083
E;1434241858117
E;1434241858149
E;1434241858186
E;1434241858220
E;1434241858251
E;1434241858283
E;1434241858321
E;1434241858354
E;1434241858376
E;1434241858409
E;1434241858444
E;1434241858476
E;1434241858511
E;1434241858554
E;1434241858581
E;1434241858617
E;1434241858653
E;1434241858675
E;1434241858718
E;1434241858753
E;1434241858784
E;1434241858818
E;1434241858852
E;1434241858888
E;1434241858915
E;1434241858952
E;1434241858989
E;1434241859016
E;1434241859051
E;1434241859085
E;1434241859118
E;1434241859150
E;1434241859184
E;1434241859221
E;1434241859252
E;1434241859285
E;1434241859314
E;1434241859352
E;1434241859382
E;1434241859421
E;1434241859451
E;1434241859487
E;1434241859522
E;1434241859552
E;1434241859580
E;1434241859619
E;1434241859652
E;1434241859689
E;1434241859721
E;1434241859751
E;1434241859788
E;1434241859817
E;1434241859853
E;1434241859887
E;1434241859921
E;1434241859952
E;1434241859988
E;1434241860023
E;1434241860050
E;1434241860081
E;1434241860114
E;1434241860149
E;1434241860181
E;1434241860213
E;1434241860251
E;1434241860284
E;1434241860314
E;1434241860351
E;1434241860384
E;1434241860415
E;1434241860452
E;1434241860482
E;1434241860513
E;1434241860551
E;1434241860608
E;1434241860669
E;1434241860688
E;1434241860712
E;1434241860750
E;1434241860784
E;1434241860814
E;1434241860849
E;1434241860881
E;1434241860912
E;1434241860948
E;1434241860980
E;1434241861011
E;1434241861048
E;1434241861080
E;1434241861111
E;1434241861148
E;1434241861181
E;1434241861211
E;1434241861248
E;1434241861280
E;1434241861317
E;1434241861350
E;1434241861381
E;1434241861418
E;1434241861449
E;1434241861480
E;1434241861517
E;1434241861549
E;1434241861581
E;1434241861616
E;1434241861649
E;1434241861676
0;-0.317590;-0.218849;1.399042;1;0.324252;-0.028790;1.397493;E;1434241861719
0;-0.314802;-0.216890;1.413700;1;0.325581;-0.029159;1.397393;E;1434241861748
0;-0.304673;-0.212376;1.448596;1;0.326947;-0.029633;1.397526;E;1434241861782
0;-0.291186;-0.210387;1.482836;1;0.330621;-0.030629;1.397745;E;1434241861817
0;-0.278762;-0.211568;1.510878;1;0.338726;-0.032368;1.397918;E;1434241861849
0;-0.269249;-0.212875;1.532301;1;0.348424;-0.034852;1.398281;E;1434241861880
0;-0.263007;-0.214489;1.546869;1;0.360073;-0.038183;1.398560;E;1434241861916
0;-0.258220;-0.216559;1.560204;1;0.370378;-0.041768;1.398921;E;1434241861949
0;-0.255007;-0.218071;1.573587;1;0.377804;-0.044644;1.399041;E;1434241861980
0;-0.254442;-0.218529;1.590612;1;0.383954;-0.047260;1.399019;E;1434241862017
0;-0.256322;-0.217937;1.606551;1;0.388370;-0.049259;1.398866;E;1434241862046
0;-0.262477;-0.214579;1.625132;1;0.392615;-0.051058;1.398746;E;1434241862079
0;-0.270523;-0.209500;1.642689;1;0.396167;-0.052472;1.398733;E;1434241862115
0;-0.280646;-0.204317;1.657858;1;0.398963;-0.053415;1.398850;E;1434241862146
0;-0.292193;-0.199629;1.670134;1;0.401257;-0.053978;1.399072;E;1434241862179
0;-0.302218;-0.196280;1.678616;1;0.403148;-0.054175;1.399401;E;1434241862214
0;-0.311462;-0.194683;1.684862;1;0.404646;-0.054045;1.399855;E;1434241862247
0;-0.318665;-0.194667;1.689179;1;0.405858;-0.053509;1.400471;E;1434241862278
0;-0.325240;-0.196969;1.691842;1;0.406597;-0.052675;1.402045;E;1434241862315
0;-0.330860;-0.202312;1.693160;1;0.406905;-0.051533;1.403873;E;1434241862346
0;-0.334187;-0.210552;1.693597;1;0.406700;-0.050094;1.405943;E;1434241862379
0;-0.335796;-0.219582;1.693489;1;0.406067;-0.048517;1.408115;E;1434241862414
0;-0.336007;-0.227385;1.693279;1;0.405114;-0.046912;1.410273;E;1434241862448
0;-0.335616;-0.233825;1.693219;1;0.403492;-0.045305;1.412844;E;1434241862482
0;-0.335207;-0.238608;1.693344;1;0.401267;-0.043585;1.415398;E;1434241862514
0;-0.335136;-0.241847;1.693679;1;0.399029;-0.041971;1.417737;E;1434241862546
0;-0.335683;-0.244069;1.694188;1;0.396964;-0.040282;1.419798;E;1434241862582
0;-0.337340;-0.245109;1.695424;1;0.395118;-0.038574;1.421471;E;1434241862614
0;-0.340986;-0.243814;1.697818;1;0.393634;-0.036978;1.422764;E;1434241862647
0;-0.348094;-0.239073;1.701230;1;0.392420;-0.035544;1.423733;E;1434241862693
0;-0.356145;-0.232360;1.704432;1;0.391502;-0.034390;1.424455;E;1434241862723
0;-0.363644;-0.225260;1.707078;1;0.390743;-0.033416;1.425043;E;1434241862755
0;-0.369290;-0.219254;1.708741;1;0.390106;-0.032568;1.425584;E;1434241862790
0;-0.373562;-0.213904;1.709837;1;0.389491;-0.031845;1.426331;E;1434241862822
0;-0.376583;-0.209547;1.710491;1;0.388978;-0.031245;1.426994;E;1434241862854
0;-0.378746;-0.206127;1.710841;1;0.388565;-0.030649;1.427522;E;1434241862890
0;-0.380264;-0.203549;1.711018;1;0.388234;-0.030128;1.427958;E;1434241862922
0;-0.381348;-0.201613;1.711059;1;0.387963;-0.029670;1.428326;E;1434241862954
0;-0.382092;-0.200157;1.711025;1;0.387686;-0.029274;1.428688;E;1434241862990
0;-0.382594;-0.199068;1.710958;1;0.387362;-0.028937;1.429130;E;1434241863022
0;-0.382918;-0.198250;1.710863;1;0.387017;-0.028611;1.429628;E;1434241863054
0;-0.383103;-0.197625;1.710749;1;0.386694;-0.028295;1.430149;E;1434241863090
0;-0.383182;-0.197146;1.710627;1;0.386292;-0.027826;1.430843;E;1434241863122
0;-0.383182;-0.196784;1.710503;1;0.385760;-0.027055;1.431849;E;1434241863153
0;-0.383120;-0.196512;1.710376;1;0.385006;-0.025927;1.433266;E;1434241863189
0;-0.383006;-0.196310;1.710249;1;0.384309;-0.024399;1.434819;E;1434241863221
0;-0.382853;-0.196160;1.710123;1;0.383731;-0.022874;1.436447;E;1434241863253
0;-0.382636;-0.196036;1.709981;1;0.383339;-0.021446;1.438027;E;1434241863289
0;-0.382365;-0.195928;1.709820;1;0.383276;-0.020180;1.439837;E;1434241863322
0;-0.382004;-0.195810;1.709608;1;0.383604;-0.019241;1.442054;E;1434241863353
0;-0.381509;-0.195674;1.709285;1;0.384127;-0.018533;1.444080;E;1434241863389
0;-0.380768;-0.195495;1.708699;1;0.385114;-0.018293;1.446598;E;1434241863421
0;-0.379741;-0.195216;1.707854;1;0.386276;-0.018380;1.448991;E;1434241863453
0;-0.378635;-0.194876;1.706903;1;0.388115;-0.019263;1.452198;E;1434241863486
0;-0.377534;-0.194482;1.705932;1;0.390155;-0.020430;1.455392;E;1434241863514
0;-0.376340;-0.193929;1.705024;1;0.393202;-0.023021;1.460134;E;1434241863545
0;-0.375178;-0.193314;1.704262;1;0.395846;-0.024948;1.463608;E;1434241863594
0;-0.374063;-0.192642;1.703626;1;0.398363;-0.026561;1.466325;E;1434241863622
0;-0.372909;-0.191796;1.703144;1;0.400951;-0.027700;1.468183;E;1434241863653
0;-0.371869;-0.190904;1.702807;1;0.403245;-0.028580;1.469501;E;1434241863689
0;-0.370974;-0.190067;1.702584;1;0.405132;-0.029208;1.470379;E;1434241863721
0;-0.370223;-0.189292;1.702443;1;0.406684;-0.029697;1.471003;E;1434241863757
0;-0.369578;-0.188497;1.702382;1;0.407934;-0.030063;1.471434;E;1434241863789
0;-0.369043;-0.187717;1.702372;1;0.408982;-0.030288;1.471693;E;1434241863820
0;-0.368603;-0.187006;1.702390;1;0.409801;-0.030426;1.471849;E;1434241863857
0;-0.368222;-0.186338;1.702424;1;0.410432;-0.030507;1.471936;E;1434241863889
0;-0.367826;-0.185660;1.702420;1;0.410828;-0.030589;1.472037;E;1434241863921
0;-0.367417;-0.185010;1.702357;1;0.411111;-0.030649;1.472114;E;1434241863957
0;-0.366874;-0.184317;1.702194;1;0.411290;-0.030678;1.472153;E;1434241863989
0;-0.366176;-0.183517;1.701933;1;0.411382;-0.030686;1.472170;E;1434241864021
0;-0.365389;-0.182719;1.701628;1;0.411384;-0.030678;1.472190;E;1434241864057
0;-0.364723;-0.182029;1.701346;1;0.411311;-0.030635;1.472204;E;1434241864089
0;-0.364105;-0.181398;1.701104;1;0.411129;-0.030587;1.472264;E;1434241864121
0;-0.363602;-0.180866;1.700919;1;0.410850;-0.030525;1.472376;E;1434241864157
0;-0.363209;-0.180409;1.700803;1;0.410553;-0.030454;1.472487;E;1434241864189
0;-0.362915;-0.180023;1.700739;1;0.410171;-0.030393;1.472649;E;1434241864221
0;-0.362702;-0.179653;1.700741;1;0.409741;-0.030355;1.472863;E;1434241864257
0;-0.362543;-0.179290;1.700805;1;0.409082;-0.030488;1.473559;E;1434241864289
0;-0.362437;-0.178940;1.700925;1;0.408432;-0.030633;1.474283;E;1434241864321
0;-0.362381;-0.178614;1.701087;1;0.407877;-0.030745;1.474928;E;1434241864357
0;-0.362369;-0.178299;1.701295;1;0.407122;-0.031211;1.476128;E;1434241864389
0;-0.362388;-0.178004;1.701526;1;0.406475;-0.031617;1.477183;E;1434241864421
0;-0.362430;-0.177720;1.701774;1;0.405966;-0.031920;1.478009;E;1434241864457
0;-0.362494;-0.177445;1.702031;1;0.405501;-0.032224;1.478765;E;1434241864489
0;-0.362565;-0.177188;1.702281;1;0.405120;-0.032477;1.479387;E;1434241864521
0;-0.362638;-0.176955;1.702515;1;0.404812;-0.032685;1.479895;E;1434241864557
0;-0.362697;-0.176736;1.702727;1;0.404563;-0.032858;1.480315;E;1434241864589
0;-0.362745;-0.176533;1.702909;1;0.404327;-0.033110;1.480828;E;1434241864621
0;-0.362791;-0.176348;1.703060;1;0.404164;-0.033380;1.481364;E;1434241864657
0;-0.362834;-0.176185;1.703182;1;0.404079;-0.033641;1.481846;E;1434241864689
0;-0.362870;-0.176052;1.703275;1;0.404214;-0.033988;1.482372;E;1434241864721
0;-0.362898;-0.175942;1.703346;1;0.405165;-0.034633;1.483100;E;1434241864757
0;-0.362920;-0.175854;1.703398;1;0.407721;-0.035932;1.484372;E;1434241864789
0;-0.362943;-0.175788;1.703429;1;0.411942;-0.037643;1.485826;E;1434241864821
0;-0.362970;-0.175732;1.703444;1;0.417642;-0.039667;1.487684;E;1434241864857
0;-0.363016;-0.175679;1.703429;1;0.424600;-0.041642;1.490270;E;1434241864883
0;-0.363114;-0.175598;1.703355;1;0.432752;-0.044139;1.494870;E;1434241864918
0;-0.363345;-0.175456;1.703164;1;0.440291;-0.045459;1.499060;E;1434241864950
0;-0.363842;-0.175156;1.702771;1;0.447184;-0.046482;1.504143;E;1434241864983
0;-0.364638;-0.174690;1.702192;1;0.453162;-0.046761;1.508955;E;1434241865018
0;-0.365671;-0.173984;1.701436;1;0.457760;-0.046826;1.513176;E;1434241865054
0;-0.367135;-0.172947;1.700443;1;0.461880;-0.046629;1.517086;E;1434241865093
0;-0.369004;-0.171594;1.699246;1;0.465990;-0.047410;1.524469;E;1434241865122
0;-0.371129;-0.170085;1.697831;1;0.469099;-0.047789;1.529707;E;1434241865154
0;-0.373479;-0.168149;1.696178;1;0.474533;-0.047263;1.538505;E;1434241865185
0;-0.375675;-0.166050;1.694583;1;0.479339;-0.046755;1.545980;E;1434241865222
0;-0.377567;-0.163637;1.692829;1;0.485562;-0.047310;1.558951;E;1434241865253
0;-0.379302;-0.161067;1.690908;1;0.492335;-0.050883;1.578274;E;1434241865287
0;-0.381258;-0.158339;1.688752;1;0.496076;-0.053277;1.589150;E;1434241865322
0;-0.383051;-0.156032;1.686795;1;0.498545;-0.056333;1.598605;E;1434241865353
0;-0.385794;-0.153783;1.684622;1;0.500452;-0.058403;1.604199;E;1434241865386
0;-0.389289;-0.151851;1.682543;1;0.502110;-0.061526;1.611045;E;1434241865422
0;-0.393055;-0.150402;1.680785;1;0.503396;-0.063610;1.615402;E;1434241865454
0;-0.396940;-0.149499;1.679344;1;0.504372;-0.066450;1.620879;E;1434241865486
0;-0.402837;-0.149577;1.677819;1;0.504987;-0.068314;1.624354;E;1434241865522
0;-0.407367;-0.149913;1.676746;1;0.502379;-0.072048;1.632494;E;1434241865554
0;-0.411422;-0.150809;1.675786;1;0.500936;-0.074268;1.637168;E;1434241865585
0;-0.414844;-0.152263;1.674945;1;0.499908;-0.075745;1.640173;E;1434241865623
0;-0.417350;-0.153776;1.674284;1;0.498988;-0.076841;1.642223;E;1434241865654
0;-0.419556;-0.155820;1.673711;1;0.498042;-0.077689;1.643499;E;1434241865686
0;-0.421529;-0.158726;1.673251;1;0.496666;-0.078376;1.644213;E;1434241865722
0;-0.423309;-0.162151;1.672898;1;0.493560;-0.079011;1.644515;E;1434241865754
0;-0.424767;-0.165438;1.672706;1;0.489569;-0.079335;1.643784;E;1434241865785
0;-0.426007;-0.168400;1.672708;1;0.484526;-0.078833;1.642011;E;1434241865822
0;-0.427531;-0.171196;1.672861;1;0.479066;-0.077510;1.639380;E;1434241865854
0;-0.429232;-0.173695;1.673143;1;0.473798;-0.075702;1.636522;E;1434241865886
0;-0.430974;-0.175705;1.673456;1;0.468674;-0.073321;1.632907;E;1434241865922
0;-0.433073;-0.177102;1.673844;1;0.463130;-0.069717;1.627497;E;1434241865953
0;-0.436168;-0.177807;1.674337;1;0.459121;-0.066634;1.623554;E;1434241865986
0;-0.441123;-0.177376;1.674715;1;0.455667;-0.063597;1.620155;E;1434241866021
0;-0.447587;-0.175300;1.674829;1;0.452763;-0.060623;1.617104;E;1434241866054
0;-0.454010;-0.171931;1.674705;1;0.450290;-0.057706;1.614316;E;1434241866085
0;-0.459159;-0.168461;1.674381;1;0.448295;-0.055093;1.611966;E;1434241866121
0;-0.462795;-0.165342;1.674087;1;0.446688;-0.052668;1.609856;E;1434241866154
0;-0.465151;-0.162797;1.673820;1;0.445432;-0.050328;1.607754;E;1434241866190
0;-0.466563;-0.160796;1.673605;1;0.444586;-0.048586;1.606228;E;1434241866222
0;-0.467219;-0.159346;1.673443;1;0.443911;-0.047077;1.604771;E;1434241866253
0;-0.466241;-0.158574;1.673362;1;0.443444;-0.045865;1.603514;E;1434241866290
0;-0.460661;-0.159479;1.673465;1;0.443186;-0.044805;1.602253;E;1434241866322
0;-0.450081;-0.163156;1.673785;1;0.443039;-0.043980;1.601122;E;1434241866353
0;-0.438357;-0.168570;1.673876;1;0.443021;-0.043346;1.600174;E;1434241866390
0;-0.427438;-0.174351;1.673581;1;0.443143;-0.042845;1.599297;E;1434241866422
0;-0.415061;-0.180149;1.673255;1;0.443611;-0.042402;1.598250;E;1434241866454
0;-0.399871;-0.185817;1.672576;1;0.444181;-0.042077;1.597356;E;1434241866490
0;-0.384583;-0.190070;1.671490;1;0.445221;-0.041778;1.596246;E;1434241866521
0;-0.367789;-0.194497;1.669518;1;0.447083;-0.041528;1.594706;E;1434241866554
0;-0.349713;-0.199603;1.665227;1;0.449185;-0.041383;1.593252;E;1434241866590
0;-0.329359;-0.207813;1.657632;1;0.452684;-0.041031;1.591029;E;1434241866622
0;-0.300275;-0.224708;1.646520;1;0.455772;-0.040810;1.589160;E;1434241866653
0;-0.267605;-0.251072;1.636091;1;0.459468;-0.040264;1.587032;E;1434241866690
0;-0.222665;-0.274853;1.644257;1;0.462612;-0.040035;1.584844;E;1434241866721
0;-0.175847;-0.287688;1.654609;1;0.466472;-0.039752;1.581384;E;1434241866753
0;-0.145754;-0.317342;1.639255;1;0.469735;-0.039421;1.578104;E;1434241866789
0;-0.114496;-0.353181;1.636459;1;0.472764;-0.038665;1.574744;E;1434241866822
0;-0.088323;-0.381322;1.644882;1;0.474923;-0.037961;1.572302;E;1434241866854
0;-0.063032;-0.402077;1.658664;1;0.476815;-0.036694;1.569943;E;1434241866890
0;-0.044342;-0.411286;1.666905;1;0.479847;-0.032486;1.566867;E;1434241866921
0;-0.016598;-0.353974;1.701159;1;0.483221;-0.024769;1.563300;E;1434241866953
0;-0.001277;-0.328594;1.717554;1;0.485806;-0.017038;1.560557;E;1434241866989
0;0.003912;-0.314907;1.724285;1;0.487459;-0.010361;1.558691;E;1434241867021
0;0.004608;-0.302588;1.722115;1;0.488371;-0.005441;1.557567;E;1434241867053
0;0.004080;-0.296290;1.721331;1;0.488799;-0.002263;1.556918;E;1434241867090
0;-0.007359;-0.283195;1.716161;1;0.488958;-0.000196;1.556510;E;1434241867121
0;-0.013654;-0.269930;1.715108;1;0.488464;0.000770;1.556475;E;1434241867153
0;-0.017550;-0.259600;1.714628;1;0.484312;-0.003251;1.557513;E;1434241867190
0;-0.020370;-0.246658;1.716739;1;0.478183;-0.010727;1.558404;E;1434241867221
0;-0.018937;-0.244116;1.710784;1;0.471572;-0.020250;1.559069;E;1434241867253
0;-0.016934;-0.243830;1.705226;1;0.465241;-0.031341;1.559548;E;1434241867290
0;-0.014947;-0.244518;1.700421;1;0.460188;-0.040790;1.559915;E;1434241867321
0;-0.013306;-0.246005;1.696720;1;0.456437;-0.048347;1.560108;E;1434241867358
0;-0.012249;-0.248225;1.693742;1;0.452790;-0.056178;1.561230;E;1434241867390
0;-0.011884;-0.251203;1.691506;1;0.450058;-0.061854;1.562039;E;1434241867422
0;-0.012388;-0.255308;1.690267;1;0.448157;-0.065931;1.562664;E;1434241867465
0;-0.013658;-0.259608;1.690340;1;0.446878;-0.068637;1.563042;E;1434241867491
0;-0.015488;-0.271490;1.690295;1;0.445975;-0.070544;1.563283;E;1434241867523
0;-0.017618;-0.276665;1.692486;1;0.445249;-0.072019;1.563475;E;1434241867559
0;-0.020270;-0.279919;1.695807;1;0.444704;-0.073060;1.563536;E;1434241867591
0;-0.023083;-0.281743;1.699540;1;0.444253;-0.073528;1.562840;E;1434241867624
0;-0.027094;-0.283183;1.703560;1;0.444034;-0.073216;1.561200;E;1434241867659
0;-0.032323;-0.286903;1.706584;1;0.443916;-0.072718;1.559702;E;1434241867691
0;-0.037584;-0.294221;1.707599;1;0.443931;-0.070072;1.556336;E;1434241867723
0;-0.041589;-0.299447;1.708095;1;0.443766;-0.066854;1.552895;E;1434241867759
0;-0.044680;-0.303022;1.708723;1;0.443628;-0.062807;1.549574;E;1434241867791
0;-0.047482;-0.305359;1.709558;1;0.443173;-0.059116;1.547011;E;1434241867819
0;-0.052210;-0.305311;1.711958;1;0.442489;-0.056075;1.545223;E;1434241867855
0;-0.056810;-0.304603;1.714813;1;0.441089;-0.052852;1.543528;E;1434241867887
0;-0.063154;-0.302368;1.719925;1;0.439157;-0.050283;1.542308;E;1434241867919
0;-0.076616;-0.288951;1.733681;1;0.436641;-0.048092;1.541384;E;1434241867955
0;-0.088083;-0.284233;1.747479;1;0.432701;-0.046404;1.540780;E;1434241867986
0;-0.094566;-0.282738;1.755288;1;0.427921;-0.045426;1.540398;E;1434241868018
0;-0.101732;-0.285094;1.764235;1;0.421223;-0.045625;1.540731;E;1434241868054
0;-0.106860;-0.287526;1.769713;1;0.416130;-0.045822;1.541021;E;1434241868086
Connection acceptedrecv nothing:
0;-0.113113;-0.297847;1.777028;1;0.411012;-0.045808;1.541027;E;1434241868118
recv nothing:
0;-0.119517;-0.307057;1.783368;1;0.406590;-0.045595;1.540725;E;1434241868154
recv nothing:
0;-0.126640;-0.317014;1.790703;1;0.402758;-0.045493;1.540411;E;1434241868186
recv:-1

in[3]:{-1
}
HAND NO   :-1
0;-0.132181;-0.330987;1.796844;1;0.398694;-0.045723;1.540601;E;1434241868217
recv:-1

in[3]:{-1
}
HAND NO   :-1
0;-0.135540;-0.338757;1.796081;1;0.394487;-0.045908;1.540896;E;1434241868254
recv:-1

in[3]:{-1
}
HAND NO   :-1
0;-0.138131;-0.343209;1.795657;1;0.389327;-0.046295;1.542159;E;1434241868286
recv:-1

in[3]:{-1
}
HAND NO   :-1
0;-0.142130;-0.346425;1.797367;1;0.385401;-0.046518;1.543233;E;1434241868318
recv:-1

in[3]:{-1
}
HAND NO   :-1
0;-0.144835;-0.348704;1.798039;1;0.382293;-0.046621;1.544189;E;1434241868371
recv:-1

in[3]:{-1
}
HAND NO   :-1
0;-0.146904;-0.350534;1.798015;1;0.380009;-0.046502;1.544890;E;1434241868392
recv:-1

in[3]:{-1
}
HAND NO   :-1
0;-0.149281;-0.353279;1.790470;1;0.378333;-0.046330;1.545431;E;1434241868423
recv:-1

in[3]:{-1
}
HAND NO   :-1
0;-0.151464;-0.355049;1.787629;1;0.376997;-0.046105;1.545902;E;1434241868459
recv:-1

in[3]:{-1
}
HAND NO   :-1
0;-0.153739;-0.357025;1.784330;1;0.375980;-0.045842;1.546298;E;1434241868491
recv:-1

in[3]:{-1
}
HAND NO   :-1
0;-0.160809;-0.358149;1.766705;1;0.375224;-0.045548;1.546634;E;1434241868523
recv:-1

in[3]:{-1
}
HAND NO   :-1
0;-0.167198;-0.362785;1.758728;1;0.374667;-0.045257;1.546926;E;1434241868559
recv:-1

in[3]:{-1
}
HAND NO   :-1
0;-0.178283;-0.368634;1.742478;1;0.374277;-0.044967;1.547188;E;1434241868591
recv:-1

in[3]:{-1
}
HAND NO   :-1
0;-0.188287;-0.373857;1.727797;1;0.374046;-0.044709;1.547507;E;1434241868628
recv:-1

in[3]:{-1
}
HAND NO   :-1
0;-0.199018;-0.377925;1.714238;1;0.373975;-0.044538;1.547866;E;1434241868659
recv:-1

in[3]:{-1
}
HAND NO   :-1
0;-0.206311;-0.379741;1.706125;1;0.374172;-0.044357;1.548172;E;1434241868691
recv:-1

in[3]:{-1
}
HAND NO   :-1
0;-0.213527;-0.379892;1.701200;1;0.374571;-0.044345;1.548506;E;1434241868727
recv:-1

in[3]:{-1
}
HAND NO   :-1
0;-0.222421;-0.379746;1.698044;1;0.375486;-0.044553;1.548942;E;1434241868759
recv:-1

in[3]:{-1
}
HAND NO   :-1
0;-0.251567;-0.395736;1.706816;1;0.376941;-0.044938;1.549419;E;1434241868791
recv:-1

in[3]:{-1
}
HAND NO   :-1
0;-0.269337;-0.403372;1.708312;1;0.378860;-0.045450;1.549875;E;1434241868827
recv:-1

in[3]:{-1
}
HAND NO   :-1
0;-0.279665;-0.407207;1.709175;1;0.381011;-0.046172;1.550360;E;1434241868859
recv:-1

in[3]:{-1
}
HAND NO   :-1
0;-0.288128;-0.409841;1.710224;1;0.383057;-0.046962;1.550768;E;1434241868892
recv:-1

in[3]:{-1
}
HAND NO   :-1
0;-0.297964;-0.412092;1.712028;1;0.385154;-0.047737;1.550992;E;1434241868927
recv:-1

in[3]:{-1
}
HAND NO   :-1
0;-0.307337;-0.413215;1.714928;1;0.388444;-0.048352;1.551054;E;1434241868960
recv:-1

in[3]:{-1
}
HAND NO   :-1
0;-0.323548;-0.412781;1.721441;1;0.391730;-0.049036;1.551014;E;1434241868991
recv:-1

in[3]:{-1
}
HAND NO   :-1
0;-0.335329;-0.401971;1.733825;1;0.394879;-0.049678;1.550873;E;1434241869027
recv:-1

in[3]:{-1
}
HAND NO   :-1
0;-0.348713;-0.400369;1.739561;1;0.398352;-0.050278;1.550452;E;1434241869059
recv:-1

in[3]:{-1
}
HAND NO   :-1
0;-0.362171;-0.396427;1.745577;1;0.402243;-0.050522;1.549524;E;1434241869093
recv:-1

in[3]:{-1
}
HAND NO   :-1
0;-0.374079;-0.390981;1.750241;1;0.405914;-0.050455;1.548725;E;1434241869130
recv:-1

in[3]:{-1
}
HAND NO   :-1
0;-0.384890;-0.383739;1.754066;1;0.408888;-0.050333;1.548144;E;1434241869155
recv:-1

in[3]:{-1
}
HAND NO   :-1
0;-0.395645;-0.371728;1.757713;1;0.411742;-0.049945;1.547503;E;1434241869186
recv:-1

in[3]:{-1
}
HAND NO   :-1
0;-0.397763;-0.347124;1.765054;1;0.413859;-0.049702;1.547147;E;1434241869224
recv:-1

in[3]:{-1
}
HAND NO   :-1
0;-0.400346;-0.333619;1.767864;1;0.415472;-0.049641;1.546787;E;1434241869256
recv:-1

in[3]:{-1
}
HAND NO   :-1
0;-0.403056;-0.323471;1.768626;1;0.416625;-0.049715;1.546511;E;1434241869288
recv:-1

in[3]:{-1
}
HAND NO   :-1
0;-0.405644;-0.316057;1.768365;1;0.417466;-0.049848;1.546293;E;1434241869324
recv:-1

in[3]:{-1
}
HAND NO   :-1
0;-0.414960;-0.312122;1.760142;1;0.418073;-0.050027;1.546064;E;1434241869355
recv:-1

in[3]:{-1
}
HAND NO   :-1
0;-0.422516;-0.305970;1.751936;1;0.418517;-0.050266;1.545732;E;1434241869386
recv:-1

in[3]:{-1
}
HAND NO   :-1
0;-0.431059;-0.299469;1.743653;1;0.418812;-0.050537;1.545405;E;1434241869425
recv:-1

in[3]:{-1
}
HAND NO   :-1
0;-0.437121;-0.293492;1.736965;1;0.418945;-0.050906;1.545066;E;1434241869456
recv:-1

in[3]:{-1
}
HAND NO   :-1
0;-0.441092;-0.285702;1.730898;1;0.418890;-0.051452;1.544702;E;1434241869488
recv:-1

in[3]:{-1
}
HAND NO   :-1
0;-0.444015;-0.278874;1.726208;1;0.418693;-0.052096;1.544224;E;1434241869524
recv:-1

in[3]:{-1
}
HAND NO   :-1
0;-0.446251;-0.270324;1.721812;1;0.418344;-0.052828;1.543595;E;1434241869556
recv:-1

in[3]:{-1
}
HAND NO   :-1
0;-0.447918;-0.261372;1.718007;1;0.417981;-0.053539;1.542979;E;1434241869588
recv:-1

in[3]:{-1
}
HAND NO   :-1
0;-0.449320;-0.251801;1.714641;1;0.417569;-0.054523;1.542387;E;1434241869625
recv:-1

in[3]:{-1
}
HAND NO   :-1
0;-0.450195;-0.243886;1.712161;1;0.417156;-0.055669;1.541656;E;1434241869655
recv:-1

in[3]:{-1
}
HAND NO   :-1
0;-0.450345;-0.236644;1.710313;1;0.416926;-0.056709;1.541119;E;1434241869686
recv:-1

in[3]:{-1
}
HAND NO   :-1
0;-0.450250;-0.230096;1.708771;1;0.416765;-0.058194;1.540656;E;1434241869723
recv:-1

in[3]:{-1
}
HAND NO   :-1
0;-0.450293;-0.224713;1.707352;1;0.416721;-0.059914;1.540381;E;1434241869754
recv:-1

in[3]:{-1
}
HAND NO   :-1
0;-0.450331;-0.220440;1.706051;1;0.416744;-0.061515;1.540217;E;1434241869794
recv:-1

in[3]:{-1
}
HAND NO   :-1
0;-0.450317;-0.217048;1.704825;1;0.416810;-0.063019;1.540192;E;1434241869833
recv:-1

in[3]:{-1
}
HAND NO   :-1
0;-0.450353;-0.214239;1.703599;1;0.416966;-0.065047;1.540806;E;1434241869866
recv:-1

in[3]:{-1
}
HAND NO   :-1
0;-0.450359;-0.211948;1.702406;1;0.417145;-0.066782;1.541430;E;1434241869893
recv:-1

in[3]:{-1
}
HAND NO   :-1
0;-0.450327;-0.210111;1.701294;1;0.417432;-0.068182;1.542066;E;1434241869925
recv:-1

in[3]:{-1
}
HAND NO   :-1
0;-0.450275;-0.208612;1.700239;1;0.417706;-0.069264;1.542601;E;1434241869957
recv:-1

in[3]:{-1
}
HAND NO   :-1
0;-0.450170;-0.207355;1.699282;1;0.417957;-0.070046;1.543015;E;1434241869995
recv:-1

in[3]:{-1
}
HAND NO   :-1
0;-0.449930;-0.206179;1.698394;1;0.418209;-0.070662;1.543401;E;1434241870025
recv:-1

in[3]:{-1
}
HAND NO   :-1
0;-0.449311;-0.204775;1.697441;1;0.418425;-0.071133;1.543723;E;1434241870058
recv:-1

in[3]:{-1
}
HAND NO   :-1
0;-0.448290;-0.203178;1.696501;1;0.418751;-0.071424;1.543904;E;1434241870103
recv:0

in[2]:{0
}
HAND FOUND:0
0;-0.446867;-0.201117;1.695740;1;0.419168;-0.071608;1.544028;E;1434241870131
recv:0

in[2]:{0
}
HAND FOUND:0
0;-0.445698;-0.199106;1.695151;1;0.420199;-0.071413;1.543367;E;1434241870160
recv:0

in[2]:{0
}
HAND FOUND:0
0;-0.444613;-0.197199;1.694696;1;0.421222;-0.071148;1.542722;E;1434241870197
recv:0

in[2]:{0
}
HAND FOUND:0
0;-0.443784;-0.195436;1.694372;1;0.421919;-0.071041;1.542419;E;1434241870228
recv:0

in[2]:{0
}
HAND FOUND:0
0;-0.443210;-0.193910;1.694114;1;0.422850;-0.070702;1.541866;E;1434241870260
recv:0

in[2]:{0
}
HAND FOUND:0
0;-0.442783;-0.192310;1.693943;1;0.423617;-0.070410;1.541768;E;1434241870297
recv:0

in[2]:{0
}
HAND FOUND:0
0;-0.442438;-0.190813;1.693850;1;0.424404;-0.070042;1.541697;E;1434241870328
recv:0

in[2]:{0
}
HAND FOUND:0
0;-0.442158;-0.189389;1.693808;1;0.425159;-0.069683;1.541989;E;1434241870361
recv:0

in[2]:{0
}
HAND FOUND:0
0;-0.442050;-0.187942;1.693826;1;0.425833;-0.069344;1.542387;E;1434241870397
recv:0

in[2]:{0
}
HAND FOUND:0
0;-0.442110;-0.186538;1.693888;1;0.426355;-0.069137;1.542872;E;1434241870428
recv:0

in[2]:{0
}
HAND FOUND:0
0;-0.442304;-0.185199;1.693954;1;0.426797;-0.068977;1.543337;E;1434241870461
recv:0

in[2]:{0
}
HAND FOUND:0
0;-0.442607;-0.183926;1.694008;1;0.427262;-0.068812;1.543353;E;1434241870496
recv:0

in[2]:{0
}
HAND FOUND:0
0;-0.442969;-0.182728;1.694053;1;0.427665;-0.068679;1.543341;E;1434241870529
recv:0

in[2]:{0
}
HAND FOUND:0
0;-0.443358;-0.181631;1.694052;1;0.428246;-0.068447;1.543147;E;1434241870560
recv:0

in[2]:{0
}
HAND FOUND:0
0;-0.443753;-0.180651;1.694006;1;0.428953;-0.068133;1.542838;E;1434241870596
recv:0

in[2]:{0
}
HAND FOUND:0
0;-0.444160;-0.179763;1.693902;1;0.429590;-0.067861;1.542548;E;1434241870630
recv:0

in[2]:{0
}
HAND FOUND:0
0;-0.444548;-0.178953;1.693781;1;0.430163;-0.067638;1.542332;E;1434241870660
recv:0

in[2]:{0
}
HAND FOUND:0
0;-0.444908;-0.178216;1.693657;1;0.430561;-0.067539;1.542238;E;1434241870696
recv:0

in[2]:{0
}
HAND FOUND:0
0;-0.445200;-0.177586;1.693545;1;0.430958;-0.067463;1.542185;E;1434241870728
recv:0

in[2]:{0
}
HAND FOUND:0
0;-0.445467;-0.176998;1.693450;1;0.431431;-0.067427;1.541926;E;1434241870760
recv:0

in[2]:{0
}
HAND FOUND:0
0;-0.445707;-0.176397;1.693421;1;0.431978;-0.067389;1.541690;E;1434241870796
recv:0

in[2]:{0
}
HAND FOUND:0
0;-0.446143;-0.175495;1.693680;1;0.432696;-0.067333;1.541595;E;1434241870828
recv:0

in[2]:{0
}
HAND FOUND:0
0;-0.446601;-0.172391;1.695431;1;0.433799;-0.067236;1.541865;E;1434241870855
recv:0

in[2]:{0
}
HAND FOUND:0
0;-0.447061;-0.167770;1.698085;1;0.437557;-0.067207;1.546640;E;1434241870890
recv:0

in[2]:{0
}
HAND FOUND:0
0;-0.448007;-0.162313;1.700907;1;0.442310;-0.067414;1.553585;E;1434241870923
recv:0

in[2]:{0
}
HAND FOUND:0
0;-0.449062;-0.155994;1.703749;1;0.447823;-0.068601;1.565604;E;1434241870956
recv:1

in[2]:{1
}
HAND FOUND:1
0;-0.449945;-0.149596;1.705972;1;0.451757;-0.069404;1.574289;E;1434241870994
recv:1

in[2]:{1
}
HAND FOUND:1
0;-0.450831;-0.143126;1.707681;1;0.456281;-0.070005;1.586756;E;1434241871028
recv:1

in[2]:{1
}
HAND FOUND:1
0;-0.451380;-0.137671;1.708839;1;0.466655;-0.068999;1.590436;E;1434241871064
recv:1

in[2]:{1
}
HAND FOUND:1
0;-0.451795;-0.133641;1.709596;1;0.489697;-0.064395;1.581440;E;1434241871090
recv:1

in[2]:{1
}
HAND FOUND:1
0;-0.452146;-0.130738;1.710100;1;0.502280;-0.061750;1.576156;E;1434241871123
recv:1

in[2]:{1
}
HAND FOUND:1
0;-0.452419;-0.128658;1.710424;1;0.515302;-0.058561;1.569544;E;1434241871158
recv:1

in[2]:{1
}
HAND FOUND:1
0;-0.452632;-0.127110;1.710621;1;0.522819;-0.056647;1.565830;E;1434241871190
recv:1

in[2]:{1
}
HAND FOUND:1
0;-0.452793;-0.125954;1.710728;1;0.527829;-0.055319;1.563529;E;1434241871223
recv:1

in[2]:{1
}
HAND FOUND:1
0;-0.452915;-0.125101;1.710777;1;0.531071;-0.054504;1.562128;E;1434241871258
recv:1

in[2]:{1
}
HAND FOUND:1
0;-0.453040;-0.124454;1.710751;1;0.533453;-0.053905;1.561101;E;1434241871290
recv:1

in[2]:{1
}
HAND FOUND:1
0;-0.453164;-0.123995;1.710654;1;0.535126;-0.053480;1.560354;E;1434241871326
recv:1

in[2]:{1
}
HAND FOUND:1
0;-0.453340;-0.123726;1.710376;1;0.536257;-0.053222;1.559796;E;1434241871365
recv:1

in[2]:{1
}
HAND FOUND:1
0;-0.453586;-0.123689;1.709938;1;0.536778;-0.053327;1.559458;E;1434241871397
recv:1

in[2]:{1
}
HAND FOUND:1
0;-0.453873;-0.124154;1.709207;1;0.536729;-0.054133;1.559509;E;1434241871428
recv:1

in[2]:{1
}
HAND FOUND:1
0;-0.454173;-0.124867;1.708362;1;0.536864;-0.055596;1.559518;E;1434241871464
recv:1

in[2]:{1
}
HAND FOUND:1
0;-0.454405;-0.125795;1.707428;1;0.537316;-0.057593;1.559597;E;1434241871497
recv:1

in[2]:{1
}
HAND FOUND:1
0;-0.454612;-0.126818;1.706506;1;0.544222;-0.060736;1.557829;E;1434241871529
recv:1

in[2]:{1
}
HAND FOUND:1
0;-0.454809;-0.127850;1.705664;1;0.558370;-0.055683;1.557232;E;1434241871565
recv:1

in[2]:{1
}
HAND FOUND:1
0;-0.454976;-0.128783;1.704967;1;0.580917;-0.017390;1.565754;E;1434241871598
recv:1

in[2]:{1
}
HAND FOUND:1
0;-0.455236;-0.129692;1.704416;1;0.597544;0.040911;1.582470;E;1434241871630
recv:1

in[2]:{1
}
HAND FOUND:1
0;-0.455679;-0.130608;1.704051;1;0.605815;0.112463;1.606323;E;1434241871664
recv:1

in[2]:{1
}
HAND FOUND:1
0;-0.456195;-0.131415;1.703871;1;0.603710;0.186292;1.634279;E;1434241871697
recv:1

in[2]:{1
}
HAND FOUND:1
0;-0.456762;-0.132108;1.703852;1;0.590718;0.254427;1.667382;E;1434241871729
recv:1

in[2]:{1
}
HAND FOUND:1
0;-0.457429;-0.132719;1.703988;1;0.570881;0.307332;1.700561;E;1434241871764
recv:1

in[2]:{1
}
HAND FOUND:1
0;-0.458150;-0.133292;1.704227;1;0.556455;0.338733;1.720638;E;1434241871797
recv:1

in[2]:{1
}
HAND FOUND:1
0;-0.458898;-0.133815;1.704522;1;0.549546;0.345376;1.727513;E;1434241871829
recv:1

in[2]:{1
}
HAND FOUND:1
0;-0.459642;-0.134238;1.704822;1;0.544943;0.344983;1.730752;E;1434241871864
recv:1

in[2]:{1
}
HAND FOUND:1
0;-0.460502;-0.134555;1.705104;1;0.544694;0.326192;1.728787;E;1434241871897
recv:1

in[2]:{1
}
HAND FOUND:1
0;-0.461284;-0.134757;1.705328;1;0.559341;0.271072;1.709509;E;1434241871928
recv:1

in[2]:{1
}
HAND FOUND:1
0;-0.462014;-0.134778;1.705492;1;0.585789;0.198732;1.683606;E;1434241871965
recv:1

in[2]:{1
}
HAND FOUND:1
0;-0.462730;-0.134618;1.705624;1;0.620186;0.109910;1.657424;E;1434241871996
recv:1

in[2]:{1
}
HAND FOUND:1
0;-0.463412;-0.134242;1.705724;1;0.653175;0.012557;1.631980;E;1434241872029
recv:1

in[2]:{1
}
HAND FOUND:1
0;-0.464110;-0.133597;1.705753;1;0.668388;-0.098566;1.616082;E;1434241872065
recv:1

in[2]:{1
}
HAND FOUND:1
0;-0.464807;-0.132935;1.705704;1;0.658335;-0.195328;1.618513;E;1434241872096
recv:1

in[2]:{1
}
HAND FOUND:1
0;-0.465511;-0.132281;1.705570;1;0.633490;-0.265421;1.632650;E;1434241872128
recv:1

in[2]:{1
}
HAND FOUND:1
0;-0.466242;-0.131703;1.705394;1;0.611514;-0.303663;1.645364;E;1434241872165
recv:1

in[2]:{1
}
HAND FOUND:1
0;-0.466945;-0.131205;1.705226;1;0.600717;-0.306778;1.653217;E;1434241872197
recv:1

in[2]:{1
}
HAND FOUND:1
0;-0.467659;-0.130758;1.705092;1;0.593659;-0.301166;1.660131;E;1434241872232
recv:1

in[2]:{1
}
HAND FOUND:1
0;-0.468407;-0.130374;1.705011;1;0.598635;-0.266199;1.666510;E;1434241872264
recv:1

in[2]:{1
}
HAND FOUND:1
0;-0.469822;-0.130117;1.705034;1;0.608917;-0.210595;1.670025;E;1434241872296
recv:1

in[2]:{1
}
HAND FOUND:1
0;-0.471209;-0.129931;1.705082;1;0.628319;-0.129178;1.667497;E;1434241872332
recv:1

in[2]:{1
}
HAND FOUND:1
0;-0.472828;-0.129817;1.705174;1;0.642621;-0.043156;1.668761;E;1434241872365
recv:1

in[2]:{1
}
HAND FOUND:1
0;-0.474297;-0.129721;1.705258;1;0.650507;0.041940;1.671724;E;1434241872396
recv:1

in[2]:{1
}
HAND FOUND:1
0;-0.475712;-0.129556;1.705309;1;0.644924;0.119296;1.678695;E;1434241872432
recv:1

in[2]:{1
}
HAND FOUND:1
0;-0.477013;-0.129333;1.705335;1;0.628687;0.187598;1.692142;E;1434241872465
recv:1

in[2]:{1
}
HAND FOUND:1
0;-0.478325;-0.128935;1.705326;1;0.602417;0.239125;1.708157;E;1434241872497
recv:1

in[2]:{1
}
HAND FOUND:1
0;-0.479456;-0.128434;1.705290;1;0.578507;0.275884;1.723975;E;1434241872532
recv:1

in[2]:{1
}
HAND FOUND:1
0;-0.480444;-0.127865;1.705210;1;0.560486;0.295361;1.734559;E;1434241872565
recv:1

in[2]:{1
}
HAND FOUND:1
0;-0.481356;-0.127172;1.705038;1;0.549698;0.301663;1.740697;E;1434241872597
recv:1

in[2]:{1
}
HAND FOUND:1
0;-0.482144;-0.126444;1.704769;1;0.542567;0.300425;1.744294;E;1434241872633
recv:1

in[2]:{1
}
HAND FOUND:1
0;-0.482818;-0.125733;1.704429;1;0.540829;0.282168;1.742175;E;1434241872664
recv:1

in[2]:{1
}
HAND FOUND:1
0;-0.483425;-0.125023;1.703972;1;0.558165;0.230370;1.723292;E;1434241872697
recv:1

in[2]:{1
}
HAND FOUND:1
0;-0.483958;-0.124326;1.703429;1;0.587907;0.159437;1.700262;E;1434241872732
recv:1

in[2]:{1
}
HAND FOUND:1
0;-0.484441;-0.123633;1.702764;1;0.623095;0.078736;1.675271;E;1434241872764
recv:1

in[2]:{1
}
HAND FOUND:1
0;-0.484837;-0.122837;1.701876;1;0.653780;-0.007134;1.654697;E;1434241872796
recv:1

in[2]:{1
}
HAND FOUND:1
0;-0.485164;-0.122019;1.700814;1;0.663689;-0.101023;1.641684;E;1434241872833
recv:1

in[2]:{1
}
HAND FOUND:1
0;-0.485469;-0.121178;1.699621;1;0.659456;-0.183345;1.639557;E;1434241872864
recv:1

in[2]:{1
}
HAND FOUND:1
0;-0.485930;-0.120164;1.698245;1;0.639488;-0.245452;1.644711;E;1434241872896
recv:1

in[2]:{1
}
HAND FOUND:1
0;-0.486530;-0.119170;1.696866;1;0.626349;-0.278279;1.650756;E;1434241872933
recv:1

in[2]:{1
}
HAND FOUND:1
0;-0.487200;-0.118268;1.695621;1;0.619001;-0.298598;1.654276;E;1434241872965
recv:1

in[2]:{1
}
HAND FOUND:1
0;-0.487765;-0.117509;1.694583;1;0.612872;-0.300783;1.658070;E;1434241872997
recv:1

in[2]:{1
}
HAND FOUND:1
0;-0.488306;-0.116751;1.693701;1;0.608485;-0.285277;1.661543;E;1434241873033
recv:1

in[2]:{1
}
HAND FOUND:1
0;-0.488867;-0.115885;1.692912;1;0.607206;-0.221470;1.661589;E;1434241873065
recv:1

in[2]:{1
}
HAND FOUND:1
0;-0.489488;-0.114938;1.692216;1;0.610986;-0.141538;1.661822;E;1434241873096
recv:1

in[2]:{1
}
HAND FOUND:1
0;-0.491086;-0.113494;1.691577;1;0.622286;-0.045622;1.658794;E;1434241873133
recv:1

in[2]:{1
}
HAND FOUND:1
0;-0.493093;-0.111797;1.691028;1;0.626396;0.052887;1.664605;E;1434241873165
recv:1

in[2]:{1
}
HAND FOUND:1
0;-0.494569;-0.109961;1.690603;1;0.621435;0.143490;1.674027;E;1434241873196
recv:1

in[2]:{1
}
HAND FOUND:1
0;-0.495712;-0.108213;1.690298;1;0.603394;0.210920;1.692132;E;1434241873232
recv:1

in[2]:{1
}
HAND FOUND:1
0;-0.496576;-0.106802;1.690103;1;0.573685;0.262242;1.715571;E;1434241873265
recv:1

in[2]:{1
}
HAND FOUND:1
0;-0.497234;-0.105665;1.689999;1;0.542251;0.301624;1.739291;E;1434241873296
recv:1

in[2]:{1
}
HAND FOUND:1
0;-0.497714;-0.104740;1.689957;1;0.528272;0.309014;1.750208;E;1434241873333
recv:1

in[2]:{1
}
HAND FOUND:1
0;-0.498069;-0.103953;1.689952;1;0.519591;0.308566;1.755916;E;1434241873365
recv:1

in[2]:{1
}
HAND FOUND:1
0;-0.498517;-0.103243;1.689992;1;0.513975;0.304660;1.759403;E;1434241873397
recv:1

in[2]:{1
}
HAND FOUND:1
0;-0.499068;-0.102679;1.690074;1;0.525028;0.256364;1.744673;E;1434241873433
recv:1

in[2]:{1
}
HAND FOUND:1
0;-0.499621;-0.102259;1.690171;1;0.548235;0.195908;1.720479;E;1434241873465
recv:1

in[2]:{1
}
HAND FOUND:1
0;-0.500164;-0.101949;1.690281;1;0.584216;0.123169;1.692581;E;1434241873501
recv:1

in[2]:{1
}
HAND FOUND:1
0;-0.500617;-0.101729;1.690391;1;0.623000;0.042904;1.666429;E;1434241873532
recv:1

in[2]:{1
}
HAND FOUND:1
0;-0.501206;-0.101629;1.690606;1;0.651272;-0.050236;1.644791;E;1434241873564
recv:1

in[2]:{1
}
HAND FOUND:1
0;-0.501657;-0.101593;1.690847;1;0.655363;-0.147231;1.632414;E;1434241873601
recv:1

in[2]:{1
}
HAND FOUND:1
0;-0.501785;-0.101753;1.691161;1;0.635713;-0.219289;1.632888;E;1434241873633
recv:1

in[2]:{1
}
HAND FOUND:1
0;-0.501432;-0.102415;1.691736;1;0.611660;-0.267086;1.636149;E;1434241873664
recv:1

in[2]:{1
}
HAND FOUND:1
0;-0.500805;-0.103532;1.692411;1;0.598648;-0.287523;1.639820;E;1434241873700
recv:1

in[2]:{1
}
HAND FOUND:1
0;-0.500405;-0.106482;1.693313;1;0.592515;-0.303324;1.640843;E;1434241873733
recv:1

in[2]:{1
}
HAND FOUND:1
0;-0.499809;-0.110436;1.694095;1;0.577967;-0.296750;1.642740;E;1434241873765
recv:1

in[2]:{1
}
HAND FOUND:1
0;-0.499222;-0.114466;1.694583;1;0.573497;-0.274243;1.642158;E;1434241873801
recv:1

in[2]:{1
}
HAND FOUND:1
0;-0.498808;-0.118075;1.694802;1;0.582327;-0.217131;1.639567;E;1434241873832
recv:1

in[2]:{1
}
HAND FOUND:1
0;-0.498496;-0.121213;1.694788;1;0.597159;-0.149591;1.635687;E;1434241873864
recv:1

in[2]:{1
}
HAND FOUND:1
0;-0.498200;-0.123789;1.694572;1;0.611822;-0.077875;1.631605;E;1434241873900
recv:1

in[2]:{1
}
HAND FOUND:1
0;-0.497950;-0.125820;1.694255;1;0.632024;-0.005284;1.634183;E;1434241873933
recv:1

in[2]:{1
}
HAND FOUND:1
0;-0.497745;-0.127449;1.693865;1;0.649391;0.062552;1.639226;E;1434241873964
recv:1

in[2]:{1
}
HAND FOUND:1
0;-0.497564;-0.128723;1.693453;1;0.660643;0.106978;1.644711;E;1434241874000
recv:1

in[2]:{1
}
HAND FOUND:1
0;-0.497407;-0.129736;1.693037;1;0.666367;0.133037;1.650814;E;1434241874033
recv:1

in[2]:{1
}
HAND FOUND:1
0;-0.497293;-0.130540;1.692631;1;0.670276;0.147444;1.657320;E;1434241874064
recv:1

in[2]:{1
}
HAND FOUND:1
0;-0.497213;-0.131165;1.692252;1;0.671333;0.149622;1.664312;E;1434241874100
recv:1

in[2]:{1
}
HAND FOUND:1
0;-0.497291;-0.131723;1.691827;1;0.671690;0.148572;1.670334;E;1434241874133
recv:1

in[2]:{1
}
HAND FOUND:1
0;-0.497377;-0.132161;1.691442;1;0.670877;0.138797;1.674420;E;1434241874164
recv:1

in[2]:{1
}
HAND FOUND:1
0;-0.497456;-0.132505;1.691097;1;0.670388;0.125033;1.675388;E;1434241874201
recv:1

in[2]:{1
}
HAND FOUND:1
0;-0.497507;-0.132760;1.690793;1;0.670245;0.109057;1.674380;E;1434241874232
recv:1

in[2]:{1
}
HAND FOUND:1
0;-0.497534;-0.132934;1.690518;1;0.670304;0.095382;1.672110;E;1434241874265
recv:1

in[2]:{1
}
HAND FOUND:1
0;-0.497562;-0.133035;1.690254;1;0.670342;0.084333;1.670287;E;1434241874300
recv:1

in[2]:{1
}
HAND FOUND:1
0;-0.497566;-0.133024;1.689956;1;0.668744;0.073717;1.668012;E;1434241874333
recv:1

in[2]:{1
}
HAND FOUND:1
0;-0.497249;-0.132004;1.689238;1;0.663059;0.060602;1.664872;E;1434241874364
recv:1

in[2]:{1
}
HAND FOUND:1
0;-0.492901;-0.116555;1.686274;1;0.652096;0.043313;1.661198;E;1434241874401
recv:1

in[2]:{1
}
HAND FOUND:1
0;-0.487997;-0.089176;1.683180;1;0.647999;0.035633;1.659133;E;1434241874433
recv:1

in[2]:{1
}
HAND FOUND:1
0;-0.482882;-0.036963;1.682665;1;0.646174;0.031202;1.657841;E;1434241874465
recv:1

in[2]:{1
}
HAND FOUND:1
0;-0.470822;0.026769;1.684564;1;0.647285;0.028832;1.655080;E;1434241874501
recv:1

in[2]:{1
}
HAND FOUND:1
0;-0.457196;0.099350;1.690540;1;0.646974;0.026573;1.653307;E;1434241874533
recv:0

in[2]:{0
}
HAND FOUND:0
0;-0.431763;0.174899;1.702550;1;0.646176;0.024593;1.651933;E;1434241874564
recv:0

in[2]:{0
}
HAND FOUND:0
0;-0.401417;0.242647;1.715814;1;0.648059;0.024589;1.648507;E;1434241874601
recv:0

in[2]:{0
}
HAND FOUND:0
0;-0.377151;0.282778;1.725472;1;0.649921;0.024976;1.645752;E;1434241874633
recv:0

in[2]:{0
}
HAND FOUND:0
0;-0.370220;0.286146;1.727462;1;0.652015;0.025608;1.643253;E;1434241874669
recv:0

in[2]:{0
}
HAND FOUND:0
0;-0.366994;0.286768;1.727427;1;0.654431;0.026154;1.640774;E;1434241874701
recv:0

in[2]:{0
}
HAND FOUND:0
0;-0.385226;0.272964;1.715177;1;0.656239;0.026440;1.638850;E;1434241874733
recv:0

in[2]:{0
}
HAND FOUND:0
0;-0.422699;0.219910;1.693683;1;0.657946;0.026368;1.637023;E;1434241874762
recv:0

in[2]:{0
}
HAND FOUND:0
0;-0.462607;0.154762;1.672117;1;0.659341;0.025951;1.635497;E;1434241874795
recv:0

in[2]:{0
}
HAND FOUND:0
0;-0.492907;0.060213;1.652036;1;0.660181;0.025086;1.634458;E;1434241874826
recv:0

in[2]:{0
}
HAND FOUND:0
0;-0.506349;-0.049884;1.640741;1;0.660921;0.023910;1.633602;E;1434241874875
recv:0

in[2]:{0
}
HAND FOUND:0
0;-0.505830;-0.160712;1.639810;1;0.661598;0.022397;1.632965;E;1434241874901
recv:0

in[2]:{0
}
HAND FOUND:0
0;-0.494212;-0.267247;1.655419;1;0.662328;0.020747;1.632609;E;1434241874932
recv:0

in[2]:{0
}
HAND FOUND:0
0;-0.463462;-0.347325;1.682512;1;0.662781;0.018899;1.632706;E;1434241874968
recv:0

in[2]:{0
}
HAND FOUND:0
0;-0.426935;-0.378182;1.703129;1;0.661691;0.014820;1.633623;E;1434241875000
recv:0

in[2]:{0
}
HAND FOUND:0
0;-0.402638;-0.375746;1.713095;1;0.659513;0.009967;1.635122;E;1434241875032
recv:0

in[2]:{0
}
HAND FOUND:0
0;-0.392013;-0.373145;1.717061;1;0.658040;0.006748;1.636401;E;1434241875067
recv:0

in[2]:{0
}
HAND FOUND:0
0;-0.398508;-0.362470;1.713582;1;0.657042;0.004558;1.637356;E;1434241875100
recv:0

in[2]:{0
}
HAND FOUND:0
0;-0.430259;-0.303608;1.695151;1;0.656605;0.003205;1.638040;E;1434241875132
recv:0

in[2]:{0
}
HAND FOUND:0
0;-0.463339;-0.227971;1.678225;1;0.656300;0.002247;1.638559;E;1434241875167
recv:0

in[2]:{0
}
HAND FOUND:0
0;-0.488895;-0.118817;1.658842;1;0.656123;0.001523;1.638901;E;1434241875200
recv:0

in[2]:{0
}
HAND FOUND:0
0;-0.501275;-0.005475;1.649984;1;0.656346;0.001090;1.638994;E;1434241875232
recv:0

in[2]:{0
}
HAND FOUND:0
0;-0.497130;0.106839;1.652436;1;0.656725;0.000855;1.638937;E;1434241875267
recv:0

in[2]:{0
}
HAND FOUND:0
0;-0.473451;0.191104;1.672636;1;0.657259;0.000857;1.638611;E;1434241875300
recv:0

in[2]:{0
}
HAND FOUND:0
0;-0.459651;0.279371;1.694594;1;0.657769;0.000982;1.638157;E;1434241875332
recv:0

in[2]:{0
}
HAND FOUND:0
0;-0.433634;0.347120;1.718556;1;0.658343;0.001261;1.637334;E;1434241875367
recv:0

in[2]:{0
}
HAND FOUND:0
0;-0.400784;0.384145;1.737742;1;0.658622;0.001619;1.636147;E;1434241875400
recv:0

in[2]:{0
}
HAND FOUND:0
0;-0.382732;0.389401;1.743763;1;0.658794;0.001998;1.634963;E;1434241875432
recv:0

in[2]:{0
}
HAND FOUND:0
0;-0.366972;0.396808;1.750607;1;0.657672;0.001549;1.632764;E;1434241875468
recv:0

in[2]:{0
}
HAND FOUND:0
0;-0.356335;0.385675;1.745908;1;0.656356;0.000794;1.630561;E;1434241875500
recv:0

in[2]:{0
}
HAND FOUND:0
0;-0.359478;0.358380;1.733928;1;0.654197;-0.000667;1.628282;E;1434241875532
recv:0

in[2]:{0
}
HAND FOUND:0
0;-0.377836;0.292559;1.705484;1;0.652401;-0.002104;1.626319;E;1434241875567
recv:0

in[2]:{0
}
HAND FOUND:0
0;-0.407708;0.214683;1.674182;1;0.650923;-0.003436;1.624808;E;1434241875600
recv:0

in[2]:{0
}
HAND FOUND:0
0;-0.437513;0.123772;1.644799;1;0.649836;-0.004542;1.623758;E;1434241875632
recv:0

in[2]:{0
}
HAND FOUND:0
0;-0.455050;0.014732;1.619887;1;0.648766;-0.005710;1.622998;E;1434241875667
recv:0

in[2]:{0
}
HAND FOUND:0
0;-0.459860;-0.099384;1.606715;1;0.647858;-0.006800;1.622451;E;1434241875699
recv:0

in[2]:{0
}
HAND FOUND:0
0;-0.450294;-0.210803;1.615275;1;0.647209;-0.007759;1.622097;E;1434241875732
recv:0

in[2]:{0
}
HAND FOUND:0
0;-0.427920;-0.305722;1.642584;1;0.646758;-0.008634;1.621908;E;1434241875768
recv:0

in[2]:{0
}
HAND FOUND:0
0;-0.404350;-0.366256;1.675485;1;0.646389;-0.009553;1.621891;E;1434241875800
recv:0

in[2]:{0
}
HAND FOUND:0
0;-0.397518;-0.395676;1.703880;1;0.646085;-0.010460;1.622019;E;1434241875832
recv:0

in[2]:{0
}
HAND FOUND:0
0;-0.391124;-0.392429;1.714823;1;0.645852;-0.011417;1.622387;E;1434241875867
recv:0

in[2]:{0
}
HAND FOUND:0
0;-0.388324;-0.374490;1.720461;1;0.645730;-0.012333;1.622923;E;1434241875899
recv:0

in[2]:{0
}
HAND FOUND:0
0;-0.403708;-0.338735;1.721499;1;0.645812;-0.013086;1.623684;E;1434241875935
recv:0

in[2]:{0
}
HAND FOUND:0
0;-0.426372;-0.272130;1.713186;1;0.646034;-0.013704;1.624529;E;1434241875967
recv:0

in[2]:{0
}
HAND FOUND:0
0;-0.461434;-0.185481;1.695597;1;0.646277;-0.014189;1.625313;E;1434241876000
recv:0

in[2]:{0
}
HAND FOUND:0
0;-0.486509;-0.092343;1.680376;1;0.646645;-0.014468;1.625910;E;1434241876035
recv:0

in[2]:{0
}
HAND FOUND:0
0;-0.499785;0.004029;1.672250;1;0.647040;-0.014617;1.626394;E;1434241876068
recv:0

in[2]:{0
}
HAND FOUND:0
0;-0.501319;0.085870;1.674410;1;0.647402;-0.014690;1.626788;E;1434241876100
recv:0

in[2]:{0
}
HAND FOUND:0
0;-0.486329;0.155625;1.686662;1;0.647773;-0.014647;1.627118;E;1434241876135
recv:0

in[2]:{0
}
HAND FOUND:0
0;-0.475312;0.229690;1.702981;1;0.648194;-0.014231;1.627371;E;1434241876167
recv:0

in[2]:{0
}
HAND FOUND:0
0;-0.457103;0.286823;1.723457;1;0.648660;-0.013432;1.627554;E;1434241876199
recv:0

in[2]:{0
}
HAND FOUND:0
0;-0.438983;0.340100;1.743787;1;0.649180;-0.012146;1.627538;E;1434241876235
recv:0

in[2]:{0
}
HAND FOUND:0
0;-0.425050;0.357288;1.752865;1;0.649318;-0.011188;1.627421;E;1434241876267
recv:0

in[2]:{0
}
HAND FOUND:0
0;-0.412244;0.368111;1.757653;1;0.649303;-0.010448;1.627225;E;1434241876300
recv:0

in[2]:{0
}
HAND FOUND:0
0;-0.402804;0.370683;1.759266;1;0.649143;-0.009918;1.626970;E;1434241876336
recv:0

in[2]:{0
}
HAND FOUND:0
0;-0.396784;0.363823;1.756740;1;0.648575;-0.009648;1.626544;E;1434241876367
recv:0

in[2]:{0
}
HAND FOUND:0
0;-0.402965;0.319905;1.733244;1;0.647851;-0.009630;1.625945;E;1434241876400
recv:0

in[2]:{0
}
HAND FOUND:0
0;-0.420362;0.261153;1.704088;1;0.646934;-0.009952;1.625202;E;1434241876435
recv:0

in[2]:{0
}
HAND FOUND:0
0;-0.437962;0.182845;1.674427;1;0.645894;-0.010534;1.624429;E;1434241876468
recv:0

in[2]:{0
}
HAND FOUND:0
0;-0.452598;0.089855;1.648741;1;0.644624;-0.011611;1.623471;E;1434241876500
recv:0

in[2]:{0
}
HAND FOUND:0
0;-0.465757;-0.009199;1.633811;1;0.643504;-0.012661;1.622640;E;1434241876535
recv:0

in[2]:{0
}
HAND FOUND:0
0;-0.474587;-0.102828;1.630888;1;0.642502;-0.013723;1.621968;E;1434241876568
recv:0

in[2]:{0
}
HAND FOUND:0
0;-0.474112;-0.168573;1.645086;1;0.641053;-0.015217;1.621450;E;1434241876601
recv:0

in[2]:{0
}
HAND FOUND:0
0;-0.472828;-0.196847;1.658965;1;0.639838;-0.016523;1.621106;E;1434241876635
recv:0

in[2]:{0
}
HAND FOUND:0
0;-0.474428;-0.213791;1.669485;1;0.638897;-0.017566;1.620917;E;1434241876668
recv:0

in[2]:{0
}
HAND FOUND:0
0;-0.475127;-0.221244;1.680176;1;0.638181;-0.018390;1.620795;E;1434241876700
recv:0

in[2]:{0
}
HAND FOUND:0
0;-0.475601;-0.222644;1.689280;1;0.637632;-0.019032;1.620724;E;1434241876736
recv:0

in[2]:{0
}
HAND FOUND:0
0;-0.475610;-0.211687;1.695713;1;0.637269;-0.019460;1.620686;E;1434241876767
recv:0

in[2]:{0
}
HAND FOUND:0
0;-0.475738;-0.198931;1.699059;1;0.636975;-0.019787;1.620674;E;1434241876800
recv:0

in[2]:{0
}
HAND FOUND:0
0;-0.477133;-0.187942;1.700927;1;0.636760;-0.020030;1.620669;E;1434241876836
recv:0

in[2]:{0
}
HAND FOUND:0
0;-0.478707;-0.178734;1.701492;1;0.636617;-0.020198;1.620656;E;1434241876868
recv:0

in[2]:{0
}
HAND FOUND:0
0;-0.480628;-0.170211;1.700987;1;0.636522;-0.020323;1.620648;E;1434241876900
recv:0

in[2]:{0
}
HAND FOUND:0
0;-0.482966;-0.161559;1.699694;1;0.636491;-0.020421;1.620646;E;1434241876935
recv:0

in[2]:{0
}
HAND FOUND:0
0;-0.485063;-0.154963;1.698449;1;0.636527;-0.020498;1.620654;E;1434241876968
recv:0

in[2]:{0
}
HAND FOUND:0
0;-0.486778;-0.150302;1.697426;1;0.636812;-0.020495;1.620655;E;1434241877000
recv:0

in[2]:{0
}
HAND FOUND:0
0;-0.488039;-0.147174;1.696655;1;0.637402;-0.020110;1.620734;E;1434241877035
recv:0

in[2]:{0
}
HAND FOUND:0
0;-0.488935;-0.144921;1.695982;1;0.639001;-0.012980;1.621841;E;1434241877068
recv:0

in[2]:{0
}
HAND FOUND:0
0;-0.489574;-0.143370;1.695465;1;0.637033;0.027222;1.631250;E;1434241877103
recv:0

in[2]:{0
}
HAND FOUND:0
0;-0.490104;-0.142381;1.694953;1;0.621149;0.077907;1.645866;E;1434241877135
recv:1

in[2]:{1
}
HAND FOUND:1
0;-0.490653;-0.142062;1.694318;1;0.600363;0.140558;1.663020;E;1434241877167
recv:1

in[2]:{1
}
HAND FOUND:1
0;-0.491154;-0.142300;1.693609;1;0.573190;0.200265;1.680842;E;1434241877204
recv:1

in[2]:{1
}
HAND FOUND:1
0;-0.491589;-0.142958;1.692869;1;0.544543;0.259624;1.700544;E;1434241877236
recv:1

in[2]:{1
}
HAND FOUND:1
0;-0.491919;-0.143987;1.692132;1;0.517884;0.310212;1.722702;E;1434241877268
recv:1

in[2]:{1
}
HAND FOUND:1
0;-0.492290;-0.145174;1.691446;1;0.501274;0.338544;1.736432;E;1434241877304
recv:1

in[2]:{1
}
HAND FOUND:1
0;-0.492676;-0.146413;1.690846;1;0.493187;0.352395;1.742819;E;1434241877336
recv:1

in[2]:{1
}
HAND FOUND:1
0;-0.493149;-0.147780;1.690336;1;0.486638;0.360635;1.747902;E;1434241877368
recv:1

in[2]:{1
}
HAND FOUND:1
0;-0.493651;-0.149106;1.689918;1;0.483837;0.359726;1.750070;E;1434241877404
recv:1

in[2]:{1
}
HAND FOUND:1
0;-0.494018;-0.150237;1.689562;1;0.487980;0.346981;1.747737;E;1434241877435
recv:1

in[2]:{1
}
HAND FOUND:1
0;-0.494309;-0.151161;1.689279;1;0.516979;0.306692;1.730490;E;1434241877468
recv:1

in[2]:{1
}
HAND FOUND:1
0;-0.494539;-0.151905;1.689058;1;0.551218;0.245763;1.706355;E;1434241877504
recv:1

in[2]:{1
}
HAND FOUND:1
0;-0.494693;-0.152381;1.688884;1;0.592669;0.170643;1.679690;E;1434241877535
recv:1

in[2]:{1
}
HAND FOUND:1
0;-0.494807;-0.152704;1.688754;1;0.632280;0.084920;1.657551;E;1434241877567
recv:1

in[2]:{1
}
HAND FOUND:1
0;-0.494916;-0.152909;1.688639;1;0.656978;-0.011525;1.640362;E;1434241877603
recv:1

in[2]:{1
}
HAND FOUND:1
0;-0.495030;-0.153008;1.688525;1;0.668060;-0.109056;1.630189;E;1434241877635
recv:1

in[2]:{1
}
HAND FOUND:1
0;-0.495140;-0.153028;1.688413;1;0.653407;-0.183358;1.633283;E;1434241877668
recv:1

in[2]:{1
}
HAND FOUND:1
0;-0.495272;-0.152958;1.688308;1;0.631824;-0.245788;1.633720;E;1434241877703
recv:1

in[2]:{1
}
HAND FOUND:1
0;-0.495402;-0.152828;1.688210;1;0.623397;-0.287847;1.633800;E;1434241877735
recv:1

in[2]:{1
}
HAND FOUND:1
0;-0.495500;-0.152626;1.688115;1;0.613507;-0.299395;1.636094;E;1434241877767
recv:1

in[2]:{1
}
HAND FOUND:1
0;-0.495647;-0.152496;1.688043;1;0.604043;-0.298464;1.637758;E;1434241877803
recv:1

in[2]:{1
}
HAND FOUND:1
0;-0.495794;-0.152379;1.687978;1;0.598999;-0.279392;1.636828;E;1434241877836
recv:1

in[2]:{1
}
HAND FOUND:1
0;-0.495975;-0.152303;1.687904;1;0.602434;-0.224890;1.632917;E;1434241877867
recv:1

in[2]:{1
}
HAND FOUND:1
0;-0.496118;-0.152276;1.687827;1;0.613380;-0.148712;1.627056;E;1434241877904
recv:1

in[2]:{1
}
HAND FOUND:1
0;-0.496232;-0.152274;1.687745;1;0.620628;-0.060744;1.625016;E;1434241877935
recv:1

in[2]:{1
}
HAND FOUND:1
0;-0.496313;-0.152319;1.687639;1;0.618966;0.029252;1.630422;E;1434241877967
recv:1

in[2]:{1
}
HAND FOUND:1
0;-0.496426;-0.152418;1.687490;1;0.613578;0.115875;1.640496;E;1434241878004
recv:1

in[2]:{1
}
HAND FOUND:1
0;-0.496534;-0.152541;1.687325;1;0.596873;0.195533;1.658451;E;1434241878036
recv:1

in[2]:{1
}
HAND FOUND:1
0;-0.496675;-0.152717;1.687125;1;0.573305;0.250969;1.679299;E;1434241878068
recv:1

in[2]:{1
}
HAND FOUND:1
0;-0.496777;-0.152954;1.686912;1;0.546789;0.303295;1.703866;E;1434241878104
recv:1

in[2]:{1
}
HAND FOUND:1
0;-0.496799;-0.153374;1.686667;1;0.523626;0.333193;1.726372;E;1434241878136
recv:1

in[2]:{1
}
HAND FOUND:1
0;-0.496664;-0.154355;1.686418;1;0.515361;0.339373;1.735443;E;1434241878167
recv:1

in[2]:{1
}
HAND FOUND:1
0;-0.496323;-0.155620;1.686219;1;0.510740;0.338493;1.741284;E;1434241878203
recv:1

in[2]:{1
}
HAND FOUND:1
0;-0.495888;-0.156940;1.686082;1;0.509231;0.333467;1.744692;E;1434241878235
recv:1

in[2]:{1
}
HAND FOUND:1
0;-0.495465;-0.158308;1.686027;1;0.533885;0.288868;1.729254;E;1434241878268
recv:1

in[2]:{1
}
HAND FOUND:1
0;-0.495030;-0.159681;1.686044;1;0.566329;0.225425;1.702789;E;1434241878303
recv:1

in[2]:{1
}
HAND FOUND:1
0;-0.494601;-0.161017;1.686142;1;0.605499;0.143607;1.672664;E;1434241878336
recv:1

in[2]:{1
}
HAND FOUND:1
0;-0.494204;-0.162173;1.686270;1;0.641040;0.051858;1.643339;E;1434241878371
recv:1

in[2]:{1
}
HAND FOUND:1
0;-0.493868;-0.163142;1.686409;1;0.658594;-0.050470;1.621116;E;1434241878404
recv:1

in[2]:{1
}
HAND FOUND:1
0;-0.493591;-0.163951;1.686559;1;0.663282;-0.138568;1.608298;E;1434241878436
recv:1

in[2]:{1
}
HAND FOUND:1
0;-0.493362;-0.164653;1.686722;1;0.647006;-0.212873;1.608720;E;1434241878472
recv:1

in[2]:{1
}
HAND FOUND:1
0;-0.493171;-0.165242;1.686887;1;0.617305;-0.252972;1.621360;E;1434241878504
recv:1

in[2]:{1
}
HAND FOUND:1
0;-0.493038;-0.165776;1.687087;1;0.613272;-0.275169;1.623007;E;1434241878530
recv:1

in[2]:{1
}
HAND FOUND:1
0;-0.492949;-0.166246;1.687297;1;0.603884;-0.287308;1.625835;E;1434241878567
recv:1

in[2]:{1
}
HAND FOUND:1
0;-0.492898;-0.166655;1.687503;1;0.596050;-0.285377;1.629069;E;1434241878598
recv:1

in[2]:{1
}
HAND FOUND:1
0;-0.492871;-0.167002;1.687687;1;0.593015;-0.255863;1.628854;E;1434241878630
recv:1

in[2]:{1
}
HAND FOUND:1
0;-0.492841;-0.167321;1.687839;1;0.601955;-0.192587;1.625838;E;1434241878666
recv:1

in[2]:{1
}
HAND FOUND:1
0;-0.492804;-0.167609;1.687947;1;0.607024;-0.112166;1.624261;E;1434241878698
recv:1

in[2]:{1
}
HAND FOUND:1
0;-0.492752;-0.167858;1.688004;1;0.608322;-0.026335;1.626728;E;1434241878730
recv:1

in[2]:{1
}
HAND FOUND:1
0;-0.492687;-0.168122;1.688004;1;0.608040;0.063018;1.635742;E;1434241878776
recv:1

in[2]:{1
}
HAND FOUND:1
0;-0.492609;-0.168370;1.687953;1;0.608713;0.152324;1.645785;E;1434241878798
recv:1

in[2]:{1
}
HAND FOUND:1
0;-0.492521;-0.168591;1.687866;1;0.602832;0.232855;1.660542;E;1434241878830
recv:1

in[2]:{1
}
HAND FOUND:1
0;-0.492390;-0.168799;1.687701;1;0.583717;0.292789;1.681368;E;1434241878866
recv:1

in[2]:{1
}
HAND FOUND:1
0;-0.492218;-0.168997;1.687447;1;0.557988;0.335965;1.705239;E;1434241878899
recv:1

in[2]:{1
}
HAND FOUND:1
0;-0.491987;-0.169204;1.687086;1;0.544289;0.349369;1.717813;E;1434241878930
recv:1

in[2]:{1
}
HAND FOUND:1
0;-0.491627;-0.169467;1.686559;1;0.532598;0.361493;1.728809;E;1434241878966
recv:1

in[2]:{1
}
HAND FOUND:1
0;-0.491301;-0.169741;1.685999;1;0.523962;0.360766;1.736051;E;1434241878999
recv:1

in[2]:{1
}
HAND FOUND:1
0;-0.491017;-0.170035;1.685435;1;0.518869;0.349886;1.739852;E;1434241879031
recv:1

in[2]:{1
}
HAND FOUND:1
0;-0.490749;-0.170335;1.684874;1;0.520684;0.316839;1.735517;E;1434241879067
recv:1

in[2]:{1
}
HAND FOUND:1
0;-0.490488;-0.170638;1.684342;1;0.530567;0.271121;1.719937;E;1434241879099
recv:1

in[2]:{1
}
HAND FOUND:1
0;-0.490109;-0.171016;1.683793;1;0.547985;0.214956;1.696262;E;1434241879130
recv:1

in[2]:{1
}
HAND FOUND:1
0;-0.489702;-0.171409;1.683294;1;0.566612;0.150668;1.673666;E;1434241879166
recv:1

in[2]:{1
}
HAND FOUND:1
0;-0.489278;-0.171808;1.682878;1;0.587949;0.085236;1.656311;E;1434241879199
recv:1

in[2]:{1
}
HAND FOUND:1
0;-0.488801;-0.172340;1.682538;1;0.603532;0.028855;1.646126;E;1434241879231
recv:1

in[2]:{1
}
HAND FOUND:1
0;-0.488346;-0.172953;1.682309;1;0.615922;-0.012837;1.642499;E;1434241879266
recv:1

in[2]:{1
}
HAND FOUND:1
0;-0.487949;-0.173500;1.682198;1;0.622201;-0.045210;1.642842;E;1434241879299
recv:1

in[2]:{1
}
HAND FOUND:1
0;-0.487564;-0.174001;1.682195;1;0.625183;-0.064532;1.643348;E;1434241879330
recv:1

in[2]:{1
}
HAND FOUND:1
0;-0.487301;-0.174478;1.682321;1;0.622077;-0.082753;1.647635;E;1434241879366
recv:1

in[2]:{1
}
HAND FOUND:1
0;-0.487176;-0.174953;1.682633;1;0.620216;-0.092310;1.651045;E;1434241879399
recv:1

in[2]:{1
}
HAND FOUND:1
0;-0.487172;-0.175409;1.683114;1;0.616679;-0.095472;1.655270;E;1434241879430
recv:1

in[2]:{1
}
HAND FOUND:1
0;-0.487341;-0.175850;1.683757;1;0.611579;-0.091774;1.659802;E;1434241879466
recv:1

in[2]:{1
}
HAND FOUND:1
0;-0.487617;-0.176235;1.684449;1;0.604185;-0.076032;1.664370;E;1434241879499
recv:1

in[2]:{1
}
HAND FOUND:1
0;-0.487900;-0.176546;1.685080;1;0.599685;-0.043699;1.669379;E;1434241879534
recv:1

in[2]:{1
}
HAND FOUND:1
0;-0.488142;-0.176756;1.685607;1;0.595713;-0.005535;1.674141;E;1434241879566
recv:1

in[2]:{1
}
HAND FOUND:1
0;-0.488343;-0.176851;1.686036;1;0.591283;0.031788;1.678087;E;1434241879598
recv:1

in[2]:{1
}
HAND FOUND:1
0;-0.488523;-0.176890;1.686395;1;0.586703;0.077634;1.685105;E;1434241879635
recv:1

in[2]:{1
}
HAND FOUND:1
0;-0.488707;-0.176879;1.686698;1;0.579228;0.127138;1.694714;E;1434241879666
recv:1

in[2]:{1
}
HAND FOUND:1
0;-0.488895;-0.176824;1.686954;1;0.574122;0.175387;1.706044;E;1434241879698
recv:1

in[2]:{1
}
HAND FOUND:1
0;-0.489054;-0.176716;1.687135;1;0.569499;0.223262;1.717638;E;1434241879735
recv:1

in[2]:{1
}
HAND FOUND:1
0;-0.489175;-0.176603;1.687247;1;0.567310;0.244231;1.722903;E;1434241879767
recv:1

in[2]:{1
}
HAND FOUND:1
0;-0.489243;-0.176507;1.687295;1;0.565805;0.258473;1.726265;E;1434241879798
recv:1

in[2]:{1
}
HAND FOUND:1
0;-0.489219;-0.176491;1.687224;1;0.564699;0.269385;1.728668;E;1434241879835
recv:1

in[2]:{1
}
HAND FOUND:1
0;-0.488219;-0.178211;1.686242;1;0.563937;0.276921;1.730269;E;1434241879867
recv:1

in[2]:{1
}
HAND FOUND:1
0;-0.485149;-0.184584;1.684048;1;0.563564;0.280549;1.730546;E;1434241879899
recv:1

in[2]:{1
}
HAND FOUND:1
0;-0.480010;-0.194809;1.681607;1;0.563531;0.279963;1.729164;E;1434241879948
recv:1

in[2]:{1
}
HAND FOUND:1
0;-0.475533;-0.203910;1.679989;1;0.563472;0.273691;1.725255;E;1434241879966
recv:1

in[2]:{1
}
HAND FOUND:1
0;-0.471778;-0.211397;1.678968;1;0.563653;0.263472;1.719610;E;1434241879998
recv:1

in[2]:{1
}
HAND FOUND:1
0;-0.469143;-0.216625;1.678378;1;0.564536;0.253803;1.714133;E;1434241880034
recv:1

in[2]:{1
}
HAND FOUND:1
0;-0.467390;-0.220020;1.678054;1;0.565827;0.244982;1.709763;E;1434241880067
recv:1

in[2]:{1
}
HAND FOUND:1
0;-0.466244;-0.222240;1.677842;1;0.567625;0.235548;1.705509;E;1434241880098
recv:1

in[2]:{1
}
HAND FOUND:1
0;-0.465434;-0.223718;1.677705;1;0.569084;0.229144;1.702789;E;1434241880134
recv:1

in[2]:{1
}
HAND FOUND:1
0;-0.465060;-0.224372;1.677813;1;0.571213;0.220928;1.700161;E;1434241880166
recv:1

in[2]:{1
}
HAND FOUND:1
0;-0.465210;-0.223415;1.678220;1;0.572743;0.216003;1.698618;E;1434241880199
recv:1

in[2]:{1
}
HAND FOUND:1
0;-0.466560;-0.219522;1.678936;1;0.573897;0.212712;1.697557;E;1434241880247
recv:1

in[2]:{1
}
HAND FOUND:1
0;-0.468903;-0.213811;1.679571;1;0.575128;0.209982;1.696691;E;1434241880267
recv:1

in[2]:{1
}
HAND FOUND:1
0;-0.471308;-0.206157;1.679625;1;0.576431;0.207048;1.695802;E;1434241880298
recv:1

in[2]:{1
}
HAND FOUND:1
0;-0.473009;-0.197984;1.678662;1;0.577618;0.204336;1.694844;E;1434241880334
recv:0

in[2]:{0
}
HAND FOUND:0
0;-0.469066;-0.178636;1.672249;1;0.578738;0.201062;1.693321;E;1434241880367
recv:0

in[2]:{0
}
HAND FOUND:0
0;-0.450953;-0.145078;1.652161;1;0.579735;0.196818;1.690804;E;1434241880399
recv:0

in[2]:{0
}
HAND FOUND:0
0;-0.412305;-0.114612;1.626973;1;0.579884;0.191734;1.687476;E;1434241880434
ERROR recv n:10054
0;-0.364185;-0.087128;1.595182;ERROR sent -1 instead of 31
1;0.579155;0.186344;1.683423;ERROR sent -1 instead of 29
E;1434241880468
ERROR sent -1 instead of 16
ERROR recv n:10054
0;-0.303077;-0.068058;1.567643;ERROR sent -1 instead of 31
1;0.577486;0.181435;1.678605;ERROR sent -1 instead of 29
E;1434241880499
ERROR sent -1 instead of 16
ERROR recv n:10054
0;-0.232540;-0.049944;1.537132;ERROR sent -1 instead of 31
1;0.574592;0.177196;1.673186;ERROR sent -1 instead of 29
E;1434241880534
ERROR sent -1 instead of 16
ERROR recv n:10054
0;-0.160722;-0.025082;1.494571;ERROR sent -1 instead of 31
1;0.570525;0.173809;1.666898;ERROR sent -1 instead of 29
E;1434241880566
ERROR sent -1 instead of 16
ERROR recv n:10054
0;-0.090656;-0.007235;1.475567;ERROR sent -1 instead of 31
1;0.564723;0.170510;1.659460;ERROR sent -1 instead of 29
E;1434241880598
ERROR sent -1 instead of 16
ERROR recv n:10054
0;-0.026648;0.013663;1.469555;ERROR sent -1 instead of 30
1;0.558968;0.168314;1.653646;ERROR sent -1 instead of 29
E;1434241880634
ERROR sent -1 instead of 16
ERROR recv n:10054
0;0.041208;0.032433;1.485409;ERROR sent -1 instead of 29
1;0.552608;0.166864;1.647749;ERROR sent -1 instead of 29
E;1434241880666
ERROR sent -1 instead of 16
ERROR recv n:10054
0;0.100473;0.050476;1.510265;ERROR sent -1 instead of 29
1;0.547029;0.166216;1.643160;ERROR sent -1 instead of 29
E;1434241880699
ERROR sent -1 instead of 16
ERROR recv n:10054
0;0.126738;0.058726;1.536350;ERROR sent -1 instead of 29
1;0.537581;0.164883;1.637554;ERROR sent -1 instead of 29
E;1434241880734
ERROR sent -1 instead of 16
ERROR recv n:10054
0;0.181320;0.082916;1.560383;ERROR sent -1 instead of 29
1;0.525139;0.162230;1.632080;ERROR sent -1 instead of 29
E;1434241880766
ERROR sent -1 instead of 16
ERROR recv n:10054
0;0.202252;0.094381;1.571632;ERROR sent -1 instead of 29
1;0.489286;0.142474;1.631989;ERROR sent -1 instead of 29
E;1434241880816
ERROR sent -1 instead of 16
ERROR recv n:10054
0;0.195231;0.096483;1.574711;ERROR sent -1 instead of 29
1;0.475202;0.135616;1.630925;ERROR sent -1 instead of 29
E;1434241880842
ERROR sent -1 instead of 16
ERROR recv n:10054
0;0.215142;0.106647;1.585228;ERROR sent -1 instead of 29
1;0.467449;0.132131;1.629903;ERROR sent -1 instead of 29
E;1434241880867
ERROR sent -1 instead of 16
ERROR recv n:10054
0;0.218738;0.110791;1.589751;ERROR sent -1 instead of 29
1;0.461959;0.129799;1.629108;ERROR sent -1 instead of 29
E;1434241880902
ERROR sent -1 instead of 16
ERROR recv n:10054
0;0.245146;0.146985;1.607851;ERROR sent -1 instead of 29
1;0.457776;0.128159;1.628401;ERROR sent -1 instead of 29
E;1434241880935
ERROR sent -1 instead of 16
ERROR recv n:10054
0;0.287531;0.175328;1.610899;ERROR sent -1 instead of 29
1;0.454648;0.127029;1.627818;ERROR sent -1 instead of 29
E;1434241880967
ERROR sent -1 instead of 16
ERROR recv n:10054
0;0.298651;0.184759;1.613429;ERROR sent -1 instead of 29
1;0.451610;0.128751;1.624661;ERROR sent -1 instead of 29
E;1434241881001
ERROR sent -1 instead of 16
ERROR recv n:10054
0;0.327530;0.186388;1.616434;ERROR sent -1 instead of 29
1;0.242973;0.108234;1.549374;ERROR sent -1 instead of 29
E;1434241881034
ERROR sent -1 instead of 16
ERROR recv n:10054
0;0.331309;0.171733;1.606562;ERROR sent -1 instead of 29
1;0.279308;0.151649;1.571841;ERROR sent -1 instead of 29
E;1434241881066
ERROR sent -1 instead of 16
ERROR recv n:10054
0;0.334511;0.167178;1.600630;ERROR sent -1 instead of 29
1;0.276495;0.162143;1.574225;ERROR sent -1 instead of 29
E;1434241881115
ERROR sent -1 instead of 16
ERROR recv n:10054
0;0.334489;0.162636;1.596127;ERROR sent -1 instead of 29
1;0.389686;0.176095;1.584761;ERROR sent -1 instead of 29
E;1434241881139
ERROR sent -1 instead of 16
ERROR recv n:10054
0;0.316199;0.149434;1.594108;ERROR sent -1 instead of 29
1;0.404717;0.183542;1.585185;ERROR sent -1 instead of 29
E;1434241881170
ERROR sent -1 instead of 16
ERROR recv n:10054
0;0.327382;0.139094;1.591924;ERROR sent -1 instead of 29
1;0.438510;0.184107;1.590994;ERROR sent -1 instead of 29
E;1434241881206
ERROR sent -1 instead of 16
ERROR recv n:10054
0;0.333692;0.133240;1.590758;ERROR sent -1 instead of 29
1;0.452114;0.185331;1.593121;ERROR sent -1 instead of 29
E;1434241881239
ERROR sent -1 instead of 16
ERROR recv n:10054
0;0.338169;0.131387;1.592766;ERROR sent -1 instead of 29
1;0.452583;0.182217;1.595482;ERROR sent -1 instead of 29
E;1434241881271
ERROR sent -1 instead of 16
ERROR recv n:10054
0;0.328409;0.132067;1.592730;ERROR sent -1 instead of 29
1;0.446910;0.177753;1.596531;ERROR sent -1 instead of 29
E;1434241881307
ERROR sent -1 instead of 16
ERROR recv n:10054
0;0.316514;0.134931;1.590837;ERROR sent -1 instead of 29
1;0.440719;0.173801;1.595910;ERROR sent -1 instead of 29
E;1434241881339
ERROR sent -1 instead of 16
ERROR recv n:10054
0;0.312037;0.135435;1.589596;ERROR sent -1 instead of 29
1;0.435265;0.169921;1.594557;ERROR sent -1 instead of 29
E;1434241881370
ERROR sent -1 instead of 16
ERROR recv n:10054
0;0.310235;0.135626;1.588669;ERROR sent -1 instead of 29
1;0.431537;0.166935;1.592576;ERROR sent -1 instead of 29
E;1434241881406
ERROR sent -1 instead of 16
ERROR recv n:10054
0;0.310224;0.136076;1.586565;ERROR sent -1 instead of 29
1;0.429682;0.164826;1.590195;ERROR sent -1 instead of 29
E;1434241881438
ERROR sent -1 instead of 16
ERROR recv n:10054
0;0.311310;0.137820;1.584226;ERROR sent -1 instead of 29
1;0.428737;0.163516;1.587454;ERROR sent -1 instead of 29
E;1434241881469
ERROR sent -1 instead of 16
ERROR recv n:10054
0;0.315984;0.136704;1.580895;ERROR sent -1 instead of 29
1;0.428352;0.162942;1.584540;ERROR sent -1 instead of 29
E;1434241881503
ERROR sent -1 instead of 16
ERROR recv n:10054
0;0.320421;0.137143;1.577725;ERROR sent -1 instead of 29
1;0.447572;0.165104;1.568414;ERROR sent -1 instead of 29
E;1434241881534
ERROR sent -1 instead of 16
ERROR recv n:10054
0;0.327018;0.135861;1.572809;ERROR sent -1 instead of 29
1;0.457235;0.166171;1.559175;ERROR sent -1 instead of 29
E;1434241881569
ERROR sent -1 instead of 16
ERROR recv n:10054
0;0.336121;0.130941;1.568195;ERROR sent -1 instead of 29
1;0.463649;0.167891;1.550708;ERROR sent -1 instead of 29
E;1434241881605
ERROR sent -1 instead of 16
ERROR recv n:10054
0;0.340814;0.128057;1.568183;ERROR sent -1 instead of 29
1;0.476860;0.192358;1.504015;ERROR sent -1 instead of 29
E;1434241881636
ERROR sent -1 instead of 16
ERROR recv n:10054
0;0.342657;0.122498;1.567794;ERROR sent -1 instead of 29
1;0.480261;0.127438;1.522755;ERROR sent -1 instead of 29
E;1434241881668
ERROR sent -1 instead of 16
ERROR recv n:10054
0;0.287513;0.092796;1.511862;ERROR sent -1 instead of 29
1;0.479565;0.097879;1.525047;ERROR sent -1 instead of 29
E;1434241881703
ERROR sent -1 instead of 16
ERROR recv n:10054
0;0.212264;-0.004786;1.442981;ERROR sent -1 instead of 30
1;0.472442;0.074864;1.527520;ERROR sent -1 instead of 29
E;1434241881736
ERROR sent -1 instead of 16
ERROR recv n:10054
0;0.201220;-0.009945;1.414206;ERROR sent -1 instead of 30
1;0.464680;0.061086;1.525387;ERROR sent -1 instead of 29
E;1434241881768
ERROR sent -1 instead of 16
ERROR recv n:10054
0;0.183749;-0.031568;1.388573;ERROR sent -1 instead of 30
1;0.451009;0.051837;1.517743;ERROR sent -1 instead of 29
E;1434241881804
ERROR sent -1 instead of 16
ERROR recv n:10054
0;0.151146;-0.072431;1.368539;ERROR sent -1 instead of 30
1;0.437089;0.047536;1.504515;ERROR sent -1 instead of 29
E;1434241881836
ERROR sent -1 instead of 16
ERROR recv n:10054
0;0.104024;-0.127083;1.365009;ERROR sent -1 instead of 30
1;0.420336;0.042301;1.488521;ERROR sent -1 instead of 29
E;1434241881868
ERROR sent -1 instead of 16
ERROR recv n:10054
0;0.057542;-0.184484;1.364508;ERROR sent -1 instead of 30
1;0.411392;0.029203;1.471274;ERROR sent -1 instead of 29
E;1434241881904
ERROR sent -1 instead of 16
ERROR recv n:10054
0;-0.028995;-0.188403;1.487859;ERROR sent -1 instead of 31
1;0.402857;0.002776;1.452681;ERROR sent -1 instead of 29
E;1434241881937
ERROR sent -1 instead of 16
ERROR recv n:10054
0;-0.075860;-0.246202;1.484173;ERROR sent -1 instead of 31
1;0.393360;-0.006114;1.437304;ERROR sent -1 instead of 30
E;1434241881971
ERROR sent -1 instead of 16
ERROR recv n:10054
0;-0.097487;-0.267111;1.488520;ERROR sent -1 instead of 31
1;0.349705;0.055863;1.351968;ERROR sent -1 instead of 29
E;1434241882002
ERROR sent -1 instead of 16
ERROR recv n:10054
0;-0.119815;-0.336389;1.432144;ERROR sent -1 instead of 31
1;0.323861;0.078940;1.306791;ERROR sent -1 instead of 29
E;1434241882034
ERROR sent -1 instead of 16
ERROR recv n:10054
0;-0.134063;-0.324333;1.474216;ERROR sent -1 instead of 31
1;0.298291;0.094305;1.272403;ERROR sent -1 instead of 29
E;1434241882071
ERROR sent -1 instead of 16
ERROR recv n:10054
0;-0.160616;-0.351988;1.472558;ERROR sent -1 instead of 31
1;0.279692;0.098282;1.254263;ERROR sent -1 instead of 29
E;1434241882103
ERROR sent -1 instead of 16
ERROR recv n:10054
0;-0.170246;-0.342893;1.499224;ERROR sent -1 instead of 31
1;0.255654;0.099711;1.233649;ERROR sent -1 instead of 29
E;1434241882135
ERROR sent -1 instead of 16
ERROR recv n:10054
0;-0.186894;-0.348530;1.504397;ERROR sent -1 instead of 31
1;0.236782;0.099503;1.219249;ERROR sent -1 instead of 29
E;1434241882172
ERROR sent -1 instead of 16
ERROR recv n:10054
0;-0.202874;-0.353015;1.504269;ERROR sent -1 instead of 31
1;0.214954;0.098929;1.202697;ERROR sent -1 instead of 29
E;1434241882203
ERROR sent -1 instead of 16
ERROR recv n:10054
0;-0.221742;-0.353018;1.497186;ERROR sent -1 instead of 31
1;0.190746;0.098979;1.184508;ERROR sent -1 instead of 29
E;1434241882236
ERROR sent -1 instead of 16
ERROR recv n:10054
0;-0.239369;-0.348920;1.483328;ERROR sent -1 instead of 31
1;0.167555;0.099989;1.165759;ERROR sent -1 instead of 29
E;1434241882272
ERROR sent -1 instead of 16
ERROR recv n:10054
0;-0.257732;-0.340986;1.460148;ERROR sent -1 instead of 31
1;0.138274;0.102210;1.139525;ERROR sent -1 instead of 29
E;1434241882304
ERROR sent -1 instead of 16
ERROR recv n:10054
0;-0.276081;-0.327916;1.426445;ERROR sent -1 instead of 31
1;0.116394;0.103990;1.119321;ERROR sent -1 instead of 29
E;1434241882337
ERROR sent -1 instead of 16
ERROR recv n:10054
0;-0.289042;-0.320868;1.399505;ERROR sent -1 instead of 31
1;0.087913;0.106956;1.091903;ERROR sent -1 instead of 29
E;1434241882372
ERROR sent -1 instead of 16
ERROR recv n:10054
0;-0.302179;-0.309328;1.363316;ERROR sent -1 instead of 31
1;0.066399;0.108406;1.071904;ERROR sent -1 instead of 29
E;1434241882404
ERROR sent -1 instead of 16
ERROR recv n:10054
0;-0.312286;-0.303370;1.333063;ERROR sent -1 instead of 31
1;0.038932;0.106503;1.049152;ERROR sent -1 instead of 29
E;1434241882438
ERROR sent -1 instead of 16
ERROR recv n:10054
0;-0.321183;-0.300340;1.306630;ERROR sent -1 instead of 31
1;0.013714;0.102199;1.029905;ERROR sent -1 instead of 29
E;1434241882472
ERROR sent -1 instead of 16
ERROR recv n:10054
0;-0.329033;-0.296177;1.285722;ERROR sent -1 instead of 31
1;-0.014561;0.093728;1.010299;ERROR sent -1 instead of 30
E;1434241882504
ERROR sent -1 instead of 16
ERROR recv n:10054
0;-0.335178;-0.294076;1.271877;ERROR sent -1 instead of 31
1;-0.035990;0.084802;0.996680;ERROR sent -1 instead of 30
E;1434241882535
ERROR sent -1 instead of 16
ERROR recv n:10054
0;-0.344886;-0.292513;1.254354;ERROR sent -1 instead of 31
1;-0.054181;0.073916;0.984953;ERROR sent -1 instead of 30
E;1434241882571
ERROR sent -1 instead of 16
